ncols         26
nrows         23
xllcorner     77700
yllcorner     226200
cellsize      300
NODATA_value  -9999
0.2 0.2 0.2 0.44 0.93 0.94 0.59 0.79 0.57 0.2 0.48 1 0.89 0.79 0.82 0.28 0.2 0.2 0.2 0.2 0.24 0.33 0.37 0.23 0.2 0.2 
0.2 0.29 0.63 0.8 0.96 0.64 0.68 0.45 0.62 0.2 0.27 0.36 0.68 0.53 0.43 0.21 0.2 0.2 0.2 0.2 0.2 0.2 0.2 0.2 0.2 0.2 
0.2 0.22 0.38 0.7 0.84 0.22 0.21 0.33 0.32 0.2 0.2 0.2 0.54 0.24 0.2 0.2 0.2 0.2 0.2 0.2 0.2 0.2 0.2 0.2 0.2 0.2 
0.2 0.34 0.6 0.67 0.24 0.2 0.2 0.2 0.2 0.2 0.2 0.2 0.23 0.2 0.2 0.2 0.2 0.2 0.2 0.2 0.2 0.2 0.2 0.2 0.2 0.2 
0.2 0.21 0.31 0.2 0.2 0.2 0.2 0.2 0.2 0.2 0.2 0.2 0.2 0.2 0.2 0.2 0.2 0.2 0.2 0.2 0.2 0.2 0.2 0.2 0.2 0.2 
0.2 0.2 0.2 0.2 0.2 0.2 0.2 0.2 0.2 0.2 0.2 0.2 0.2 0.2 0.2 0.2 0.2 0.2 0.2 0.2 0.2 0.2 0.2 0.2 0.2 0.2 
0.2 0.2 0.2 0.2 0.2 0.2 0.2 0.2 0.2 0.2 0.2 0.2 0.2 0.2 0.2 0.2 0.2 0.2 0.2 0.2 0.2 0.2 0.2 0.2 0.2 0.2 
0.2 0.2 0.2 0.2 0.2 0.2 0.2 0.2 0.2 0.2 0.2 0.2 0.2 0.2 0.28 0.2 0.2 0.2 0.2 0.2 0.2 0.2 0.2 0.2 0.2 0.2 
0.2 0.2 0.2 0.2 0.2 0.2 0.2 0.2 0.2 0.2 0.2 0.2 0.2 0.24 0.85 0.2 0.2 0.2 0.2 0.2 0.2 0.2 0.2 0.2 0.2 0.2 
0.2 0.2 0.2 0.2 0.2 0.2 0.2 0.2 0.2 0.2 0.2 0.2 0.21 0.72 0.98 0.31 0.2 0.2 0.2 0.2 0.2 0.2 0.2 0.2 0.2 0.2 
0.2 0.2 0.2 0.2 0.2 0.2 0.2 0.2 0.2 0.2 0.2 0.2 0.2 0.78 0.79 0.31 0.2 0.2 0.2 0.2 0.2 0.2 0.2 0.2 0.2 0.2 
0.2 0.2 0.2 0.2 0.2 0.2 0.2 0.2 0.2 0.2 0.2 0.2 0.2 0.27 0.22 0.24 0.2 0.2 0.2 0.2 0.2 0.2 0.2 0.2 0.2 0.2 
0.2 0.2 0.2 0.2 0.2 0.2 0.2 0.2 0.2 0.2 0.2 0.2 0.2 0.2 0.2 0.2 0.2 0.2 0.2 0.2 0.2 0.2 0.2 0.2 0.2 0.2 
0.2 0.2 0.2 0.2 0.2 0.2 0.2 0.2 0.2 0.2 0.2 0.2 0.2 0.2 0.2 0.2 0.2 0.2 0.2 0.2 0.2 0.2 0.2 0.2 0.2 0.2 
0.2 0.2 0.2 0.2 0.2 0.2 0.2 0.2 0.2 0.2 0.33 0.27 0.24 0.2 0.2 0.2 0.2 0.2 0.2 0.2 0.2 0.2 0.2 0.2 0.2 0.2 
0.2 0.2 0.2 0.2 0.2 0.2 0.2 0.2 0.2 0.2 0.49 0.91 0.26 0.22 0.2 0.2 0.2 0.2 0.2 0.2 0.2 0.2 0.2 0.2 0.2 0.2 
0.2 0.2 0.2 0.2 0.2 0.2 0.2 0.2 0.2 0.2 0.35 1 0.89 0.36 0.2 0.2 0.2 0.2 0.27 0.2 0.2 0.2 0.2 0.2 0.2 0.2 
0.2 0.2 0.2 0.2 0.2 0.2 0.2 0.2 0.2 0.27 0.81 0.88 0.9 0.22 0.2 0.2 0.2 0.2 0.61 0.74 0.22 0.2 0.2 0.2 0.2 0.2 
0.2 0.2 0.2 0.2 0.2 0.2 0.2 0.2 0.2 0.26 0.29 0.2 0.29 0.29 0.2 0.2 0.2 0.2 0.42 0.63 0.37 0.2 0.2 0.2 0.2 0.2 
0.2 0.2 0.2 0.2 0.2 0.2 0.2 0.2 0.31 0.24 0.2 0.2 0.2 0.2 0.2 0.2 0.2 0.2 0.2 0.38 0.45 0.2 0.2 0.2 0.2 0.2 
0.2 0.2 0.2 0.2 0.2 0.2 0.2 0.24 0.77 0.25 0.2 0.2 0.2 0.2 0.2 0.2 0.2 0.2 0.2 0.2 0.65 0.2 0.2 0.2 0.2 0.2 
0.2 0.2 0.2 0.2 0.2 0.2 0.2 0.72 0.4 0.2 0.2 0.2 0.2 0.2 0.2 0.2 0.2 0.2 0.2 0.2 0.44 0.41 0.2 0.2 0.2 0.2 
0.52 0.34 0.2 0.2 0.26 0.8 0.84 0.58 0.32 0.2 0.2 0.2 0.2 0.2 0.2 0.2 0.2 0.2 0.2 0.2 0.2 0.54 0.2 0.2 0.2 0.2 
