ncols         142
nrows         154
xllcorner     80350
yllcorner     228950
cellsize      10
NODATA_value  -9999	 UNIT 	 m
759,759,764,771,781,791,799,806,811,815,821,827,832,836,844,851,853,849,846,842,837,831,824,818,813,808,804,800,795,789,783,776,770,764,757,746,739,730,719,710,703,695,679,676,679,688,696,704,713,723,733,740,740,742,750,758,766,774,782,793,802,812,821,830,837,843,847,855,856,856,857,857,863,866,874,881,888,890,896,903,905,907,910,913,915,917,920,923,929,935,938,939,939,939,939,939,940,940,941,941,942,942,942,943,943,943,944,944,945,945,945,945,945,945,945,946,946,947,948,949,950,951,952,953,955,956,957,958,959,961,962,963,965,966,967,969,970,971,974,975,977,977,
753,756,762,769,777,785,794,803,810,818,825,833,839,843,848,853,859,856,851,845,839,833,827,822,817,813,809,804,797,790,783,777,771,764,758,752,741,734,724,715,706,696,682,676,679,687,694,702,712,720,730,740,741,741,748,756,763,771,780,791,801,811,819,825,832,840,847,855,857,857,857,858,861,866,871,880,887,889,895,902,905,906,909,913,915,918,920,923,928,934,938,938,939,939,939,939,940,940,941,941,941,942,942,942,943,943,943,944,944,944,944,944,944,944,944,945,945,946,947,948,949,950,951,952,953,955,956,957,958,959,961,963,964,965,966,969,970,971,974,975,976,977,
756,759,762,768,774,782,790,798,806,813,821,830,841,846,850,854,859,858,853,848,842,836,831,827,823,817,811,805,798,791,785,779,773,766,763,751,742,739,727,714,704,695,681,676,677,685,693,701,710,718,727,737,742,741,746,754,761,770,779,790,799,807,814,821,828,836,845,853,857,857,857,858,859,863,867,879,886,889,893,900,904,905,907,913,915,918,921,923,927,932,938,938,938,939,939,939,940,940,941,941,941,942,942,942,942,942,943,943,943,944,944,943,943,944,944,944,945,946,947,947,948,949,950,951,952,954,955,956,957,959,960,962,963,965,967,969,970,971,973,975,976,977,
762,765,767,770,774,781,788,795,803,810,819,827,834,839,843,849,853,858,856,851,846,840,836,832,826,819,813,806,800,794,787,781,774,771,769,756,745,742,730,719,705,696,686,677,677,683,691,699,706,713,727,737,742,741,743,751,759,768,778,789,796,803,810,817,824,832,842,853,857,858,858,858,859,862,865,875,884,889,892,899,904,904,906,912,915,918,921,923,926,930,935,937,938,939,939,939,940,940,940,941,941,941,941,941,941,941,942,942,943,943,943,943,943,943,943,944,944,945,946,947,948,948,949,950,952,953,954,955,956,958,960,961,964,966,967,968,969,971,972,975,976,977,
768,772,774,776,778,781,787,794,801,807,815,822,828,833,837,845,853,861,860,854,848,845,841,834,828,821,815,808,802,795,788,781,779,777,775,764,751,742,729,718,708,698,688,679,676,679,687,695,702,708,721,734,741,742,742,750,758,768,778,786,792,799,807,814,821,830,841,851,858,858,858,859,859,860,865,871,882,890,891,897,903,904,905,911,915,917,920,922,925,928,930,932,934,937,938,939,939,940,940,939,938,938,938,938,939,939,940,941,942,943,943,943,943,943,943,943,944,944,945,946,947,948,949,950,951,952,953,955,956,958,960,963,965,966,967,968,969,970,971,974,976,977,
775,779,782,784,785,787,789,792,798,805,811,817,823,828,835,844,852,860,864,859,853,847,840,835,828,822,815,809,803,796,789,789,786,783,776,768,757,743,732,720,709,701,693,684,677,678,683,691,696,704,712,727,734,741,742,747,756,765,774,781,789,797,804,811,819,829,840,850,858,858,859,859,859,860,864,866,876,888,890,896,902,903,904,909,916,917,919,922,923,925,927,929,931,934,937,938,937,935,934,934,934,935,935,935,936,937,938,939,940,941,942,943,943,942,942,943,943,944,945,946,946,947,948,949,950,952,953,954,957,961,963,963,965,966,967,968,969,970,971,973,975,976,
782,787,790,792,793,796,797,797,799,805,812,818,825,829,836,843,851,859,866,863,855,848,839,832,825,820,813,809,803,799,798,795,791,786,778,769,759,744,735,723,713,704,696,686,678,677,679,686,692,700,708,716,727,735,741,742,752,762,769,776,784,793,801,809,818,828,838,848,856,859,859,859,859,860,861,865,876,886,891,894,901,903,904,908,912,916,917,920,922,924,926,928,930,933,934,934,932,931,931,931,931,932,932,933,934,935,936,937,938,939,940,941,941,941,941,942,943,944,944,945,946,946,948,949,950,951,954,958,960,961,962,963,964,965,967,968,969,970,971,972,975,976,
787,795,799,800,802,806,805,805,804,806,814,821,828,834,840,844,852,859,866,864,857,849,843,837,830,824,818,811,807,806,804,800,793,787,780,771,762,746,740,728,716,707,698,690,682,677,678,682,689,696,704,711,719,727,736,742,750,758,766,773,782,791,799,807,816,825,835,845,852,859,859,860,860,860,861,864,871,881,891,893,899,903,904,906,910,915,917,918,920,923,925,927,929,930,929,929,928,928,928,928,929,929,930,931,932,933,934,935,936,937,938,939,940,940,940,942,942,943,944,945,945,946,948,949,952,955,958,960,960,961,962,963,964,965,966,967,968,969,971,972,975,976,
789,799,808,809,812,815,815,814,811,811,812,820,827,833,839,847,854,861,868,865,859,851,845,839,834,827,821,815,813,811,805,799,793,786,779,773,766,749,744,732,719,710,701,693,686,679,678,679,685,692,700,707,714,722,731,742,745,753,763,772,782,790,799,807,816,824,832,841,850,854,859,860,860,861,861,864,867,878,889,892,897,903,905,907,909,913,917,918,918,919,922,923,924,925,925,925,925,925,924,924,925,926,927,928,930,931,932,933,934,935,937,938,938,939,939,941,942,943,943,944,947,949,950,954,956,958,959,959,960,960,961,962,964,965,966,967,968,969,970,972,974,976,
793,800,809,815,820,822,825,822,820,817,818,819,824,830,838,846,854,861,868,868,862,853,846,840,837,831,826,820,816,810,804,797,790,784,777,771,765,754,745,738,724,715,705,697,690,683,678,678,683,689,696,703,711,719,727,738,743,750,759,772,781,791,799,807,815,822,831,839,845,851,859,861,861,861,861,862,865,874,885,892,895,902,905,907,908,911,917,917,918,918,919,920,921,922,922,923,923,923,923,924,924,924,925,927,928,929,931,932,933,934,935,936,937,938,938,939,941,942,943,945,948,949,949,955,957,957,958,959,959,960,961,961,963,964,965,967,968,969,970,972,973,976,
795,803,812,818,824,828,832,832,829,825,825,823,828,834,841,848,854,862,869,871,865,857,848,844,839,834,829,823,816,809,802,795,788,781,775,768,762,755,745,741,727,716,707,701,694,685,679,678,680,686,694,701,709,716,724,733,742,749,759,769,780,790,798,805,813,821,829,835,840,846,852,860,861,861,862,862,865,872,884,892,894,900,904,906,908,910,914,917,917,917,918,919,919,921,921,921,922,922,922,923,923,924,924,925,927,928,929,930,932,933,934,935,936,937,938,938,941,942,943,946,948,949,949,954,956,957,958,958,959,959,960,961,962,964,965,966,968,969,970,972,973,976,
796,805,813,821,828,833,837,840,837,834,833,830,830,837,844,849,855,862,870,874,868,860,855,849,844,836,828,822,814,807,800,792,785,778,772,765,758,751,745,739,731,723,714,707,701,687,682,678,679,684,691,698,706,714,722,731,743,746,755,763,775,786,797,806,814,820,825,830,836,842,847,854,861,861,862,862,865,870,884,890,894,897,904,905,907,909,911,914,916,917,917,917,917,918,919,920,920,921,921,922,922,923,924,925,926,927,928,929,930,931,932,934,935,936,937,938,940,941,942,945,948,948,949,952,956,956,957,957,958,959,959,960,961,963,964,966,967,969,970,972,973,975,
798,805,814,822,829,836,841,845,844,842,840,836,837,840,847,852,857,863,870,876,871,865,857,848,843,836,827,819,812,804,797,790,783,777,770,765,761,756,748,745,738,730,722,715,708,693,684,680,678,682,689,696,704,712,722,730,740,744,751,760,770,782,793,803,812,817,821,826,832,837,843,852,860,862,862,863,863,866,879,888,894,895,901,904,905,907,909,910,912,915,916,916,916,916,917,918,919,920,920,921,921,922,923,924,925,926,927,928,929,930,931,932,934,936,937,938,940,941,942,943,947,948,948,950,954,955,955,956,957,958,958,959,960,962,963,965,967,969,970,972,973,974,
803,810,816,821,828,836,842,847,851,848,845,842,846,847,850,855,858,864,871,878,876,868,858,849,842,833,825,820,813,805,799,793,787,781,775,772,766,758,750,746,742,735,729,723,716,708,695,688,679,679,686,695,703,710,718,727,737,743,749,757,767,777,789,799,807,812,817,822,828,836,843,851,858,862,862,863,863,866,872,886,893,896,899,903,904,906,907,908,909,911,913,914,914,914,915,917,918,919,919,920,921,921,922,923,924,926,927,928,929,930,931,932,934,936,937,939,940,941,942,943,946,947,948,948,952,953,954,955,956,957,958,958,959,960,963,965,967,968,970,972,973,975,
799,806,813,821,827,833,839,846,853,854,853,853,854,853,855,860,865,867,872,879,878,869,860,850,844,837,830,823,814,806,800,795,790,786,781,773,763,756,748,747,746,740,737,732,722,714,703,694,680,679,685,692,700,709,717,726,734,743,747,757,767,777,788,795,800,807,812,819,828,835,843,850,856,862,863,863,864,866,869,883,892,896,897,903,904,904,905,906,907,909,910,912,912,913,914,915,917,918,919,920,920,921,922,923,923,925,926,928,928,930,931,932,934,936,938,939,940,941,942,943,946,947,947,948,951,952,954,955,956,956,957,958,959,960,962,964,966,969,971,972,974,975,
796,803,811,818,825,831,837,844,852,860,861,861,861,860,860,864,870,873,876,881,878,870,860,850,842,838,832,825,816,809,803,797,789,785,781,773,762,754,747,747,746,746,741,734,726,719,710,698,685,679,683,691,699,712,720,728,735,744,745,756,767,776,783,789,796,804,813,821,829,837,844,850,852,856,863,863,864,866,867,881,891,896,897,900,903,903,904,905,906,907,908,910,911,912,913,915,917,918,918,919,920,921,921,922,923,924,926,928,928,930,931,932,934,936,938,939,941,941,942,943,944,946,947,947,949,950,953,954,955,956,957,957,958,959,960,963,966,968,970,972,973,975,
794,802,809,817,825,833,841,847,855,862,867,869,868,867,866,869,874,880,881,884,880,871,863,852,844,836,834,826,819,812,806,796,784,778,771,764,756,750,747,747,747,746,739,731,724,718,711,703,688,679,681,688,696,708,715,723,731,743,745,757,766,771,778,785,791,800,809,817,827,836,841,845,848,852,863,864,864,865,867,875,888,894,898,898,902,903,903,904,905,906,907,908,910,911,912,914,915,917,918,919,919,920,921,922,923,924,925,927,929,930,931,932,934,936,937,939,940,942,942,943,944,945,946,947,948,949,951,954,954,956,956,957,958,959,960,963,965,967,969,970,972,973,
793,800,809,818,826,833,838,842,849,857,864,869,873,874,873,874,878,883,885,888,883,874,865,854,845,837,835,825,817,809,800,790,781,774,766,758,752,748,747,746,747,743,736,727,723,715,707,698,688,680,680,688,696,705,713,721,729,737,744,753,759,765,769,779,786,795,804,812,825,832,835,838,841,845,863,864,864,865,867,871,885,892,896,899,899,902,903,903,904,905,906,907,909,910,912,913,915,917,918,919,919,920,920,921,922,923,925,927,929,930,931,932,934,935,937,938,940,941,943,943,944,945,946,946,947,948,951,953,954,955,956,956,957,959,960,963,965,967,969,970,971,972,
793,801,809,817,824,828,832,837,844,851,859,865,870,876,879,880,883,886,890,886,880,873,867,859,844,835,827,818,811,803,794,786,779,772,764,757,749,747,742,738,738,737,726,716,719,715,708,697,689,680,679,687,694,702,710,717,726,735,744,746,754,763,774,786,796,799,804,811,818,824,828,831,838,843,854,864,865,865,867,869,880,890,893,897,900,900,902,903,903,904,905,907,908,910,911,913,914,916,918,918,919,919,920,921,922,923,925,927,928,929,931,933,934,935,937,939,940,941,943,944,945,945,946,947,948,949,951,952,954,955,956,957,958,959,961,964,965,967,969,970,971,972,
799,803,807,813,818,825,832,837,843,850,856,862,869,877,881,882,885,888,889,883,876,869,861,856,845,834,826,818,810,801,794,786,778,771,765,756,749,745,738,727,722,721,714,706,708,709,705,694,687,680,680,687,693,698,707,716,725,733,744,748,759,767,774,785,797,805,813,817,820,824,832,836,841,846,853,864,865,866,866,868,878,886,894,898,900,901,901,902,903,904,905,907,908,910,911,912,914,915,917,918,919,919,920,921,922,923,925,926,928,929,931,933,934,935,937,939,940,941,943,944,945,945,946,947,948,949,951,952,953,954,955,957,959,960,962,964,966,967,969,970,971,973,
807,811,813,815,821,826,831,838,845,852,858,864,870,877,883,888,890,892,884,875,870,862,856,850,842,834,827,821,814,807,797,788,780,773,766,757,749,746,739,727,715,710,703,696,696,693,695,689,682,680,680,687,695,705,712,723,728,738,745,749,758,768,774,783,793,803,812,820,825,831,837,841,847,851,856,864,865,866,866,868,874,882,892,899,902,902,902,903,903,904,905,906,908,909,911,912,913,914,916,917,918,919,920,921,922,923,924,926,927,929,931,932,934,936,937,939,940,941,943,944,945,946,947,947,949,950,952,953,953,954,955,957,959,960,962,964,966,967,969,970,972,973,
813,819,820,822,823,825,832,839,846,852,859,867,873,878,884,889,893,893,881,867,861,854,849,845,840,834,828,823,817,807,797,788,780,772,764,756,750,748,741,731,716,702,694,686,683,681,681,681,680,680,684,689,700,710,720,727,733,741,746,750,759,767,775,783,791,800,809,816,823,830,838,844,848,855,860,864,866,866,867,868,871,880,887,895,901,903,903,904,904,905,906,907,908,909,910,911,912,914,916,916,917,918,919,921,922,923,924,926,927,929,931,932,934,936,937,939,940,941,944,944,945,946,947,948,950,951,952,953,954,954,956,957,959,960,962,964,966,967,969,971,972,973,
818,823,826,827,829,831,835,841,847,853,860,868,875,881,886,890,890,885,872,856,853,848,845,839,835,828,824,821,812,806,797,788,780,772,763,755,750,746,737,728,711,700,690,683,681,681,681,680,681,682,687,695,704,715,722,729,735,743,746,750,758,767,775,783,792,799,806,812,820,826,834,841,846,854,862,864,866,866,867,868,869,876,883,890,897,903,904,904,905,905,906,907,908,909,910,911,912,913,915,916,917,918,919,920,921,922,923,925,927,929,931,932,934,935,937,939,941,942,944,944,945,946,948,949,950,951,952,953,954,955,956,958,959,961,962,964,967,968,969,971,973,974,
822,830,833,834,835,836,838,843,848,855,862,869,876,882,887,892,886,875,860,848,844,841,838,833,828,822,817,815,813,808,801,791,782,774,764,756,751,746,735,723,708,697,687,682,682,682,682,683,685,688,701,710,715,720,724,731,738,746,746,749,757,766,774,783,791,799,804,810,817,823,830,837,843,851,859,864,865,867,867,868,869,869,877,887,893,900,905,905,906,906,907,907,908,909,910,911,912,913,914,915,916,917,918,919,920,922,923,925,927,929,931,932,934,936,937,939,940,942,944,945,945,947,949,950,951,952,953,954,955,956,957,959,960,962,963,965,967,968,969,971,973,974,
828,834,840,841,840,842,844,846,851,857,864,871,877,884,889,892,883,866,851,840,836,835,830,825,821,816,811,809,808,805,804,795,784,775,766,757,751,747,736,722,709,697,685,682,682,683,686,686,690,699,708,714,718,722,726,733,741,748,746,748,757,765,772,781,789,797,802,809,814,820,827,833,839,848,857,864,864,867,868,868,869,869,874,883,889,896,903,906,906,907,908,908,909,911,911,911,912,913,914,915,916,917,918,919,920,922,923,925,927,929,931,932,934,936,937,939,940,941,944,945,946,947,948,950,952,953,954,955,956,958,959,960,961,963,964,965,968,968,969,971,973,975,
832,841,844,848,849,848,849,851,855,860,867,873,880,885,889,887,870,850,842,834,829,829,825,820,813,809,805,802,802,799,797,792,784,776,766,757,751,747,735,726,712,700,685,682,682,686,687,688,695,700,705,713,718,723,728,735,743,749,747,747,756,764,772,780,788,796,802,807,812,818,824,830,837,845,853,862,864,867,868,869,869,869,871,879,887,894,901,906,907,908,908,909,910,910,911,912,913,913,913,915,916,916,917,919,920,921,923,925,927,929,931,932,934,935,937,938,940,941,943,945,946,947,948,950,951,953,955,956,957,959,960,961,962,964,965,966,968,969,970,971,973,975,
832,841,849,855,856,855,854,856,859,864,870,875,882,885,877,864,852,843,837,831,824,821,820,815,810,802,798,796,794,792,790,788,783,777,764,756,752,748,736,722,711,700,688,684,682,686,687,690,694,698,701,708,716,722,728,734,742,750,747,747,756,763,771,780,788,795,801,806,811,818,820,827,833,842,852,861,863,867,868,869,869,869,870,878,886,892,899,905,907,908,909,910,910,911,912,913,913,914,914,915,916,917,917,919,920,921,923,925,926,928,930,932,933,935,936,938,939,940,942,943,946,947,948,949,951,953,955,956,958,959,960,961,963,964,965,966,968,969,970,972,974,974,
833,841,849,860,862,861,860,861,864,869,874,879,885,888,872,859,850,842,834,828,820,814,812,811,805,799,792,789,787,785,783,782,782,778,764,756,752,749,737,725,714,704,695,686,682,685,688,688,692,696,699,705,714,721,727,734,741,749,747,747,755,763,772,780,788,795,800,805,810,814,820,825,832,841,851,860,863,868,869,869,869,869,869,877,884,891,899,905,907,908,909,910,911,912,913,913,914,915,915,915,916,917,918,919,920,921,923,925,926,928,930,932,933,934,936,937,939,939,940,942,944,945,948,949,950,953,955,956,957,958,960,961,963,964,965,966,968,969,971,972,973,975,
834,841,849,858,869,868,867,867,869,873,879,884,887,890,880,862,850,841,834,826,818,810,804,801,801,795,789,784,780,778,776,775,775,774,765,757,753,749,740,729,717,709,700,689,683,683,686,689,690,696,698,705,715,723,728,733,741,748,748,748,755,763,771,779,787,794,799,803,808,812,817,823,833,841,848,856,863,866,869,870,869,869,869,876,884,891,898,905,906,907,908,910,911,912,913,914,915,915,916,916,917,917,918,919,920,921,923,925,926,928,930,931,933,934,935,936,938,939,940,941,942,944,945,947,949,951,953,955,957,957,959,961,963,964,965,966,967,969,971,971,973,974,
834,841,849,857,866,873,874,873,874,878,883,887,890,890,885,879,860,847,847,827,818,809,801,794,789,786,783,780,775,769,768,768,768,769,763,757,753,749,741,731,721,713,704,693,684,682,684,688,690,695,698,704,714,722,729,734,740,747,748,748,755,763,771,779,787,793,797,801,805,811,815,823,831,838,846,854,862,863,869,870,869,868,869,877,884,891,899,905,906,907,908,909,911,913,914,915,916,916,917,917,918,918,918,919,920,922,923,925,926,928,929,931,932,934,935,936,937,938,939,940,941,942,944,946,947,950,952,953,956,957,958,961,963,964,965,966,968,969,970,971,971,972,
834,841,848,856,865,874,880,879,880,883,886,889,891,887,880,857,856,841,833,825,817,809,800,792,785,778,774,774,766,761,759,759,760,760,759,754,754,748,745,737,727,718,710,701,690,683,683,684,688,692,695,701,708,716,725,733,739,747,748,748,754,762,770,778,786,791,794,798,802,807,815,824,831,837,843,849,857,863,869,871,869,867,871,878,885,892,899,904,906,907,907,909,910,912,913,915,916,917,918,918,919,919,919,920,921,922,923,924,926,927,929,931,932,933,935,936,937,938,939,940,941,942,943,945,947,949,950,952,955,956,957,959,962,964,965,966,967,969,969,969,971,972,
833,839,847,855,866,878,883,883,886,888,890,890,888,882,859,846,837,834,829,822,816,809,800,792,784,776,768,764,758,757,755,754,755,755,755,754,751,747,747,738,730,722,716,707,699,690,683,683,685,688,690,696,704,712,721,729,736,743,748,748,754,762,770,778,783,786,789,793,798,804,813,821,827,835,841,848,857,865,868,869,868,867,871,878,886,893,900,904,905,906,907,908,910,912,913,914,916,917,918,919,920,920,920,921,921,923,924,925,926,927,929,930,932,933,934,936,937,938,938,940,941,942,943,945,946,948,950,951,953,956,957,958,961,962,963,965,967,968,969,969,971,972,
833,838,846,854,863,873,883,888,890,891,891,888,880,862,851,837,831,827,826,820,813,807,799,790,781,774,764,759,756,750,745,743,746,748,750,748,747,747,748,741,732,724,717,710,704,696,684,683,684,685,688,692,699,707,716,724,732,739,748,748,753,761,769,773,777,782,787,792,797,804,813,822,828,836,843,851,858,864,866,866,866,866,873,880,888,896,900,904,905,906,907,908,910,911,912,914,915,917,919,920,921,921,921,922,922,923,924,925,926,927,929,930,931,932,934,935,936,937,938,939,941,942,943,944,946,949,950,951,952,954,956,957,959,960,962,963,965,967,967,969,971,973,
834,838,845,853,861,869,879,887,891,893,888,885,867,851,843,835,828,821,816,811,810,803,797,789,778,769,761,756,751,743,738,738,740,742,743,744,745,744,744,742,737,729,718,708,700,694,689,684,684,684,685,688,695,703,711,719,728,736,744,748,752,760,764,768,773,779,786,792,798,805,813,823,829,838,844,852,858,862,864,865,865,867,875,881,889,894,900,904,905,906,907,908,909,911,912,914,915,916,919,922,923,922,922,923,923,923,924,925,926,927,929,930,931,932,933,935,936,937,938,939,940,941,942,946,948,948,953,953,953,953,955,956,958,959,960,962,966,966,967,968,971,973,
834,839,845,851,859,867,875,884,890,891,887,881,873,855,843,837,829,821,813,806,799,792,788,787,780,766,759,754,746,739,736,734,735,737,738,739,739,738,737,740,738,732,720,706,698,694,690,684,684,684,684,686,691,699,707,715,724,732,743,748,751,756,759,764,770,777,783,791,799,808,816,822,831,837,845,852,857,863,864,864,865,868,875,880,886,891,897,903,904,905,906,907,909,910,912,913,915,916,919,923,924,923,923,923,924,924,925,926,927,928,928,930,931,932,933,934,936,937,938,938,939,941,942,944,949,952,953,953,954,954,954,956,957,958,959,961,965,966,967,967,971,974,
833,840,843,850,857,866,875,884,889,890,885,880,865,847,838,832,830,818,812,807,803,799,790,777,772,764,759,752,743,737,735,732,731,732,732,734,733,733,732,735,736,729,719,706,699,697,693,686,684,685,685,685,689,697,704,713,722,731,741,748,749,754,757,762,769,777,785,791,800,810,818,827,833,841,846,852,856,862,863,863,863,866,873,880,886,892,896,901,904,905,906,907,909,910,912,913,915,917,920,923,925,926,923,924,924,925,926,926,927,928,929,929,931,932,933,934,935,936,937,938,939,940,942,946,951,952,953,952,953,954,954,955,956,957,959,961,964,965,967,967,971,974,
831,839,845,850,858,868,877,884,889,888,884,878,866,846,838,831,824,822,815,802,793,789,783,779,767,760,757,749,741,735,733,731,729,729,729,730,729,728,727,730,733,730,722,705,702,699,696,689,684,684,686,685,689,696,704,712,720,729,740,748,749,753,756,761,771,780,790,798,802,811,821,828,835,841,848,854,855,861,862,862,863,866,874,880,884,890,895,899,901,904,905,907,908,910,912,914,915,917,920,924,925,927,926,924,925,925,926,927,927,928,929,930,931,932,933,933,935,936,937,938,938,940,943,949,952,953,952,954,954,953,954,955,956,957,958,961,963,965,967,968,970,974,
832,839,846,853,860,868,877,882,889,875,871,871,865,849,841,833,829,833,815,804,793,785,777,771,764,760,754,745,737,733,731,728,726,725,723,724,726,724,722,724,725,724,720,708,703,701,697,692,685,684,685,685,688,695,703,711,719,728,738,748,749,752,756,763,773,784,794,804,812,818,825,830,836,841,848,853,854,859,861,862,862,865,872,877,881,887,890,893,896,901,905,907,908,910,912,914,916,917,921,924,925,927,928,928,925,926,926,927,928,928,929,930,931,932,933,934,935,936,937,938,939,940,946,951,953,952,952,951,952,953,954,955,956,958,959,961,963,964,967,968,971,973,
832,840,847,853,860,867,874,875,872,866,861,860,854,850,844,839,835,824,809,800,793,785,777,769,761,758,750,742,735,732,730,727,724,721,720,719,719,720,718,716,716,716,713,707,704,701,698,693,687,685,685,685,689,696,704,711,719,726,736,746,750,751,758,766,777,788,798,807,815,823,831,835,839,843,848,850,852,855,858,859,861,864,871,876,877,882,886,890,895,902,905,907,908,910,912,914,916,918,922,925,925,927,928,929,929,927,927,927,928,929,929,930,931,932,933,934,934,935,936,937,938,941,949,952,952,950,948,949,953,952,953,955,957,959,959,961,962,964,966,967,971,972,
833,839,846,851,857,864,872,876,867,860,855,849,844,843,837,832,826,820,806,798,791,783,776,769,761,758,749,739,734,730,730,726,723,720,718,716,715,716,716,715,714,713,710,708,705,702,699,694,688,685,685,685,690,697,705,712,720,727,735,744,750,752,761,771,781,793,801,808,816,824,831,838,843,846,851,856,856,856,857,857,859,863,869,875,878,881,885,890,897,903,905,906,908,911,913,915,917,918,922,925,925,927,928,929,930,930,929,928,928,929,930,930,931,932,933,934,934,935,936,937,938,939,944,946,946,948,949,949,951,952,953,955,957,960,960,961,962,964,964,967,970,972,
830,837,843,849,853,859,866,872,866,858,851,845,839,833,829,823,818,811,804,796,789,782,774,767,762,758,749,741,733,729,728,725,722,719,717,712,711,711,712,713,713,712,709,707,705,702,699,695,689,686,685,686,692,700,707,714,720,729,737,747,750,750,762,771,783,794,804,812,820,827,834,841,846,852,856,860,860,859,859,857,858,862,865,872,876,881,886,890,895,901,904,906,908,910,913,915,917,919,922,924,925,926,928,929,930,931,931,931,929,929,929,930,931,932,933,934,935,936,937,938,939,940,941,941,945,947,947,949,950,952,953,955,959,958,960,960,962,964,965,968,969,972,
826,832,839,845,851,855,861,868,865,858,851,845,838,831,825,818,812,805,799,793,787,781,776,771,763,761,754,746,736,729,727,725,721,718,717,711,710,711,711,712,711,710,708,705,703,701,698,696,688,686,685,687,695,702,710,717,724,731,739,748,750,757,768,776,783,793,802,811,821,829,836,841,848,853,856,860,860,859,858,856,858,860,863,870,874,881,883,888,894,899,901,905,907,910,913,915,917,919,923,923,924,926,927,929,930,931,931,931,931,931,930,930,930,930,932,933,935,936,937,938,939,940,940,942,945,945,946,948,950,951,953,956,956,957,959,959,962,964,966,967,969,971,
821,827,834,840,845,851,857,865,866,860,853,847,840,833,827,820,814,807,801,796,791,785,781,774,767,762,757,749,741,733,727,723,718,716,715,712,710,710,710,708,705,707,706,704,701,699,696,692,687,686,685,692,699,705,713,719,726,734,743,750,759,766,773,780,787,795,803,812,820,829,836,841,847,851,855,859,860,860,858,853,855,860,864,870,872,877,883,891,895,896,898,904,906,909,912,915,917,920,921,922,923,925,926,928,930,931,932,932,932,932,930,930,928,929,929,931,932,934,937,938,939,940,941,944,943,944,946,949,950,951,954,956,955,957,958,959,962,965,966,968,969,970,
817,823,829,835,840,848,855,862,867,861,854,847,840,834,828,823,818,812,808,802,797,792,787,779,771,763,761,753,747,738,729,721,717,715,711,710,709,709,709,705,703,702,700,697,696,694,692,691,686,685,688,695,703,710,716,723,730,737,747,754,762,769,777,784,791,798,804,811,819,828,835,840,846,850,853,858,859,858,856,851,854,860,863,866,870,876,882,888,893,894,896,902,905,908,912,915,917,918,920,921,922,923,925,927,929,930,932,932,932,930,928,927,927,927,927,928,929,932,934,937,939,941,941,942,943,944,946,948,949,951,955,954,955,957,958,958,962,965,967,968,970,971,
812,818,824,831,837,845,853,860,868,862,855,848,842,837,832,826,821,818,814,808,804,798,792,784,775,766,763,758,749,742,734,725,716,712,709,708,707,708,706,704,702,701,698,694,693,692,690,687,686,686,693,700,707,714,721,728,735,742,750,757,763,769,776,783,789,796,803,810,819,827,834,838,844,848,851,853,855,853,851,849,853,860,861,865,869,874,881,887,892,893,895,900,904,906,912,915,916,917,918,919,920,922,923,925,927,929,931,932,928,926,926,926,926,925,925,926,927,930,933,935,938,940,942,943,944,944,946,948,949,951,954,953,955,956,957,958,962,966,967,969,970,972,
811,814,820,827,835,843,850,857,866,865,858,851,846,841,835,831,827,825,825,829,811,802,794,787,778,768,764,758,749,741,733,725,718,711,707,705,706,705,702,701,700,698,695,694,693,689,687,686,686,691,696,702,708,716,724,731,738,745,751,756,763,770,779,785,790,797,803,810,818,824,831,835,840,844,848,849,849,848,846,846,851,855,858,865,868,874,881,887,891,892,893,899,903,904,909,910,912,914,916,917,918,920,921,923,925,927,929,926,925,925,925,924,924,924,924,925,928,930,933,935,938,940,942,943,945,945,946,948,949,950,954,953,954,955,956,957,963,967,969,970,971,972,
807,814,817,824,833,841,849,856,864,867,861,853,849,844,840,838,834,834,835,825,813,803,795,787,779,770,764,758,749,741,734,727,719,712,706,704,705,702,700,698,696,695,694,691,688,687,686,687,691,693,698,704,711,719,726,734,741,748,752,755,762,771,780,785,791,796,802,809,816,822,828,832,835,839,841,842,843,842,840,843,846,851,858,865,868,873,881,885,889,891,892,897,902,904,904,905,907,910,912,914,916,917,919,921,924,925,925,923,923,923,923,923,923,923,924,926,929,931,934,936,939,941,945,946,946,946,947,948,949,950,953,953,954,955,956,958,964,968,969,970,971,972,
804,812,816,823,831,840,847,855,863,868,865,857,852,849,847,845,842,837,829,819,810,802,794,788,779,770,765,759,751,742,735,728,721,712,706,704,703,700,698,695,695,692,689,688,687,686,689,691,692,694,699,705,713,720,728,736,743,749,752,753,761,771,779,784,790,796,802,809,815,820,825,830,830,833,834,836,837,835,836,839,843,849,855,859,864,870,875,880,885,890,893,893,895,898,899,901,904,906,908,909,912,915,917,919,921,923,922,921,922,922,922,922,922,922,924,926,929,932,935,938,941,946,951,953,952,951,948,948,949,950,951,952,954,955,956,960,966,969,970,970,972,973,
803,811,817,821,829,838,846,855,862,868,868,863,858,856,853,851,845,835,826,817,809,802,794,786,778,770,765,760,753,745,736,730,724,715,706,703,701,698,695,695,691,689,688,687,686,690,691,692,692,694,700,706,714,721,729,736,744,749,753,758,765,773,778,784,789,795,801,807,812,817,821,824,826,828,827,829,829,828,830,834,839,844,849,853,859,864,868,873,879,885,889,890,890,893,896,898,900,903,905,906,908,911,914,917,919,920,918,919,920,921,921,921,921,921,924,927,930,933,936,940,946,951,953,953,953,953,953,951,950,950,951,952,954,955,958,963,967,968,970,970,972,973,
804,811,819,820,828,836,844,853,860,866,871,868,863,858,855,853,846,836,827,819,810,802,794,786,778,770,766,759,751,744,738,729,723,715,705,702,699,696,695,691,688,688,687,686,690,691,691,692,695,694,699,705,713,721,729,736,744,750,754,761,767,772,777,782,787,793,800,806,810,813,815,817,819,820,822,823,822,820,822,828,834,838,843,848,852,856,861,867,873,878,882,884,884,888,892,895,897,899,902,904,906,908,910,912,915,916,916,918,919,920,920,920,920,921,924,927,930,935,939,944,950,952,953,954,958,959,960,955,952,952,952,953,954,957,959,957,967,968,970,971,973,973,
808,813,819,821,825,835,842,849,856,862,867,869,865,861,857,854,847,837,829,820,811,802,794,786,779,769,766,759,751,743,734,727,720,713,703,700,696,691,689,688,688,687,687,690,692,692,691,691,695,694,698,705,713,721,728,736,744,749,755,762,766,771,775,781,786,791,798,803,806,807,809,809,809,812,813,815,816,814,816,821,825,831,835,841,843,848,855,861,866,871,874,876,878,884,887,890,892,895,898,901,903,905,907,909,911,913,914,912,916,919,919,919,919,921,924,927,931,935,942,948,950,951,952,955,962,962,962,963,957,954,953,953,955,958,957,957,966,968,970,971,972,973,
804,808,813,819,822,829,837,844,851,858,864,868,866,862,859,856,849,839,834,830,813,803,795,787,779,769,766,759,752,745,738,728,719,710,700,697,691,689,689,688,688,687,690,691,691,692,692,692,694,694,698,706,714,721,728,735,743,749,756,761,766,771,775,779,783,789,795,799,800,800,802,803,800,803,804,806,805,805,809,813,816,822,827,831,836,843,848,853,858,862,865,867,873,878,881,884,886,891,894,898,900,902,904,906,908,910,909,910,915,917,918,918,919,922,925,928,931,935,941,948,949,950,951,956,962,964,966,965,963,959,954,954,955,955,957,957,965,968,969,970,971,972,
798,802,809,817,822,825,832,839,846,852,859,867,868,864,860,857,853,846,840,834,810,802,794,786,777,768,766,758,751,744,739,732,723,711,699,695,690,689,689,689,687,691,692,692,692,692,693,695,695,694,698,706,715,722,729,737,743,749,754,759,765,770,773,777,782,788,791,793,794,792,795,794,793,793,795,795,795,798,802,806,810,813,819,824,830,836,840,844,849,853,856,859,865,871,875,877,882,886,890,893,897,900,902,904,906,907,906,911,915,916,917,917,919,922,925,928,931,935,942,944,948,949,949,955,962,965,967,967,965,962,959,955,955,956,957,960,963,965,968,969,971,972,
793,801,808,812,818,823,827,835,842,848,854,863,868,865,861,859,857,853,843,827,804,797,792,784,775,768,765,757,750,743,736,727,721,709,698,691,689,689,689,688,690,692,693,692,693,693,694,695,695,695,698,706,715,723,730,737,742,747,752,759,762,767,771,775,780,783,785,787,787,785,785,785,784,785,787,787,787,790,795,799,803,808,811,818,823,827,832,836,841,845,849,854,858,863,866,870,876,882,886,890,893,895,899,901,903,903,905,911,915,915,916,916,919,922,925,928,931,936,942,942,944,945,948,952,958,965,967,967,966,964,961,958,957,956,957,958,961,963,964,967,970,971,
791,799,803,809,814,821,825,831,838,845,853,860,867,863,858,858,855,854,845,836,802,792,787,779,771,768,763,755,749,744,738,727,716,704,695,690,690,689,689,689,692,695,696,696,696,696,696,695,696,695,698,706,716,724,731,735,740,745,751,756,760,763,768,770,774,778,779,781,781,777,775,775,775,777,779,779,780,782,787,792,796,802,806,810,815,820,825,830,835,839,844,848,852,856,860,864,869,876,881,885,889,893,896,898,900,901,903,907,913,914,914,916,919,922,925,929,933,935,937,939,941,943,945,949,954,959,964,966,965,964,962,959,956,956,956,957,959,960,962,965,967,969,
787,793,798,804,809,816,823,828,834,842,848,857,852,848,842,835,829,841,824,806,796,789,782,775,769,766,759,752,746,740,734,724,711,699,691,690,689,689,690,692,693,695,696,696,696,696,696,696,696,696,699,706,716,723,728,733,738,743,747,752,755,758,761,764,766,769,771,775,774,770,767,766,768,768,772,772,773,776,780,785,790,795,799,805,808,814,819,825,829,833,838,843,848,852,856,861,867,871,875,879,883,888,892,895,897,896,900,905,908,913,913,916,919,923,925,930,931,933,934,936,937,940,942,945,949,954,958,959,959,959,958,956,953,954,955,956,956,956,959,963,964,966,
781,788,793,799,806,813,819,826,831,839,846,854,847,841,835,828,821,815,808,801,794,787,780,773,769,763,755,748,742,737,729,719,707,696,691,690,690,691,693,693,693,695,696,696,696,696,696,696,696,697,700,706,713,720,725,729,734,739,742,744,747,751,753,756,759,762,764,767,766,763,761,760,757,761,764,765,766,770,774,778,784,788,794,800,804,807,812,818,824,828,833,837,844,849,853,858,862,866,870,874,878,883,887,891,892,892,897,902,906,910,912,917,919,924,926,929,930,930,931,933,934,937,941,943,946,950,952,953,953,953,952,951,950,951,952,954,955,955,956,960,963,963,
777,783,789,795,802,810,816,823,828,836,844,852,846,838,831,824,818,811,805,798,792,785,778,772,769,763,755,748,741,733,726,717,706,696,691,691,692,693,693,693,695,696,696,696,696,696,696,697,696,698,702,706,709,716,720,724,728,732,735,738,741,742,744,748,751,754,754,757,758,756,756,757,755,756,756,760,762,765,768,773,778,783,788,793,799,802,807,813,818,824,828,834,840,845,849,854,857,861,865,868,874,879,883,885,885,888,894,900,905,909,911,916,921,924,925,926,926,927,927,926,929,933,937,941,943,945,945,946,946,946,945,945,945,946,948,950,953,955,955,957,960,959,
772,779,785,792,799,807,814,821,828,832,841,850,849,839,831,824,817,810,803,797,791,785,779,773,769,765,759,752,743,734,724,713,702,693,690,691,693,695,695,695,696,696,696,696,696,696,696,697,697,699,703,706,706,709,714,717,721,725,728,730,732,734,737,740,744,746,747,749,749,749,750,752,755,755,756,756,759,760,764,768,774,779,784,788,792,798,803,809,815,820,825,832,837,841,845,849,852,856,860,864,870,874,877,878,881,887,894,900,906,909,911,916,920,921,921,922,923,923,922,921,924,929,934,937,940,940,939,939,940,940,940,940,941,943,945,947,949,952,955,956,958,957,
770,777,785,794,800,806,814,821,828,831,841,850,851,841,833,826,819,811,806,801,795,789,783,776,770,770,764,754,743,734,723,713,703,694,690,691,693,695,696,695,696,696,696,696,696,696,696,697,697,699,703,704,705,706,707,711,715,719,721,722,725,726,730,734,738,738,739,741,741,742,743,746,749,751,755,756,756,759,761,764,770,775,779,783,788,795,800,806,811,817,823,829,833,837,841,845,848,853,857,861,865,870,870,873,881,889,896,901,905,909,912,914,917,918,919,919,920,918,917,917,920,927,931,933,933,933,934,935,935,935,934,936,938,940,943,945,947,949,952,955,956,955,
769,777,786,795,804,811,817,824,830,832,840,848,847,841,834,827,821,816,812,806,800,794,791,788,772,771,766,758,745,736,724,715,707,696,691,691,694,695,696,696,696,696,696,696,696,696,697,697,697,699,701,703,704,704,705,707,711,712,713,715,717,719,722,726,729,732,733,733,735,736,736,739,741,745,750,755,757,757,758,762,765,769,773,779,784,791,799,804,809,814,820,825,830,834,838,841,845,850,854,858,862,863,864,872,881,889,894,899,904,908,910,911,913,915,915,916,917,914,912,913,918,922,925,927,926,928,929,930,931,930,931,933,935,938,939,941,943,946,948,950,955,957,
770,778,788,797,805,812,819,826,831,832,840,849,848,842,836,831,826,821,818,811,805,799,794,787,774,771,766,756,746,737,728,721,713,700,693,691,691,691,694,693,694,695,695,696,696,696,696,697,697,696,696,698,699,701,705,704,705,705,706,708,709,712,714,718,722,724,725,727,729,730,731,732,735,740,745,750,755,757,757,759,763,765,768,776,783,790,797,802,806,811,817,821,826,830,834,837,841,845,849,854,857,854,860,869,878,885,890,897,901,905,908,909,910,911,912,913,914,912,908,909,915,917,920,922,921,923,925,926,927,925,927,929,930,935,939,942,944,946,948,952,956,958,
774,781,790,796,803,810,816,822,830,832,839,846,852,847,841,835,828,822,816,810,803,797,790,783,776,772,766,758,750,742,735,726,718,707,699,694,691,691,691,691,691,692,692,692,692,692,693,693,695,695,695,696,696,696,696,697,697,698,699,700,702,704,707,710,714,716,719,721,724,727,728,729,730,735,740,745,750,755,757,758,760,764,766,774,781,788,793,798,802,807,812,817,822,826,829,833,837,841,845,845,844,850,858,866,874,880,886,893,899,904,906,906,907,908,909,910,911,909,904,905,908,911,916,919,917,919,919,920,918,919,924,929,934,939,943,947,948,951,954,957,958,958,
776,784,788,793,800,806,812,819,826,833,836,844,852,851,844,837,831,824,817,811,804,797,790,784,777,772,768,762,754,748,739,729,720,712,706,699,696,693,694,693,692,692,692,692,692,692,692,692,692,692,693,693,694,695,695,696,696,696,696,697,698,698,700,702,705,709,713,716,719,721,723,726,726,730,735,740,745,750,755,758,758,760,766,771,777,782,788,793,797,802,807,813,818,823,825,830,834,837,838,837,840,848,856,863,869,875,882,888,895,900,905,905,904,904,905,906,905,906,898,900,901,906,910,912,912,914,914,915,920,924,929,933,937,943,947,951,954,957,959,962,964,964,
773,778,783,790,797,803,810,816,823,830,834,841,850,853,847,839,833,826,819,812,805,799,792,786,780,773,771,765,759,751,743,734,725,718,712,707,701,696,696,696,695,696,696,696,694,693,696,695,695,693,692,692,693,693,693,693,694,694,695,694,695,695,695,695,696,701,706,711,716,717,718,720,723,726,730,735,740,745,750,756,758,759,762,767,772,777,782,788,794,796,802,807,813,818,822,826,829,831,831,830,838,847,853,859,865,872,877,883,889,896,901,904,904,904,904,904,900,898,891,890,893,897,904,906,909,912,915,920,924,926,931,934,941,945,950,954,961,964,967,970,971,971,
769,773,780,788,795,801,807,813,819,827,835,839,847,855,849,841,834,827,821,815,808,801,795,788,782,777,773,770,762,753,745,737,731,725,720,714,708,701,696,695,695,696,696,696,696,696,696,696,697,697,698,697,696,695,694,693,693,693,694,694,694,694,695,695,696,698,700,701,703,708,713,718,720,721,725,730,735,740,745,750,756,758,759,762,768,772,777,782,788,793,796,802,807,813,819,821,823,825,824,826,834,842,848,855,861,867,872,879,885,892,896,898,898,898,898,897,890,886,883,882,885,886,890,898,910,917,921,924,927,929,933,936,941,945,949,955,963,969,970,971,970,969,
765,771,779,787,793,799,805,812,818,825,834,837,845,854,852,844,837,830,823,816,810,803,797,791,787,780,774,773,766,757,750,744,739,733,728,721,712,705,699,695,695,696,696,696,696,696,696,696,697,698,699,699,699,699,699,699,699,698,697,695,695,695,695,695,696,697,697,696,696,699,705,713,718,719,720,725,730,735,740,745,750,755,758,759,762,768,772,777,782,788,791,797,802,808,814,816,817,819,816,822,830,838,845,852,856,861,867,875,881,886,889,890,888,890,890,888,876,878,876,876,875,880,889,898,907,913,920,926,930,935,940,942,944,946,949,954,961,967,970,970,970,969,
764,772,779,787,794,802,808,814,821,829,835,838,844,854,852,846,839,832,824,818,812,807,802,799,795,791,775,774,770,762,756,750,742,737,731,721,712,706,702,700,700,697,696,696,696,696,697,698,699,699,699,700,699,700,700,700,700,700,700,700,701,700,699,698,698,698,697,696,696,696,700,706,714,719,720,721,725,730,735,740,745,750,755,758,760,762,767,773,777,782,788,791,797,803,809,810,811,810,811,819,827,836,843,847,851,856,862,869,876,880,881,883,878,881,877,873,864,868,870,870,875,883,891,900,909,913,919,925,931,938,945,948,950,949,948,951,957,960,966,969,969,968,
767,775,782,790,798,806,812,819,826,833,838,840,843,853,855,848,840,833,829,824,818,814,809,804,798,792,778,774,772,764,757,750,743,736,728,719,712,706,703,702,703,701,697,696,696,697,698,700,699,699,699,700,700,700,700,701,701,701,701,701,701,702,702,702,701,701,701,698,697,696,696,701,709,716,720,721,721,725,730,735,740,744,750,757,759,760,762,768,773,777,782,788,792,798,803,802,803,802,809,817,825,833,837,841,845,851,857,864,870,871,874,874,866,858,855,852,856,860,862,873,880,888,893,900,910,918,923,928,934,940,943,947,948,947,945,947,951,954,958,960,960,959,
768,779,786,794,802,810,819,824,829,835,838,841,842,850,857,851,845,840,833,829,823,816,809,803,797,790,780,775,772,765,758,751,743,734,727,721,714,708,704,702,698,701,700,696,696,697,698,699,699,700,699,699,700,700,700,701,701,701,701,701,702,702,703,703,703,703,704,703,700,697,696,698,704,711,719,721,721,721,725,730,734,740,746,753,759,760,760,762,768,774,779,783,787,792,796,794,795,798,807,815,822,827,831,835,841,848,854,858,860,863,865,865,845,842,843,846,851,858,867,877,884,890,896,904,911,917,925,931,934,937,941,943,943,943,942,943,946,948,951,954,955,955,
769,777,787,795,804,812,817,822,826,833,836,842,842,851,860,856,851,844,836,830,824,816,810,803,796,790,781,775,771,763,756,749,742,734,731,725,717,710,704,703,702,702,700,696,696,697,698,699,700,700,700,700,700,700,700,701,701,701,701,701,702,703,703,703,703,703,704,704,704,701,697,697,701,709,716,721,721,721,720,724,729,736,742,747,752,758,760,761,763,769,774,780,784,785,786,786,787,797,805,812,817,821,826,831,839,846,850,850,852,853,849,840,834,836,842,848,854,860,871,880,886,892,900,909,915,922,926,929,931,933,936,938,936,935,936,938,940,943,946,950,951,951,
769,779,787,796,803,808,813,817,823,831,836,842,843,848,858,860,853,845,838,830,823,816,809,802,795,788,781,775,770,762,754,748,742,739,736,729,721,713,706,704,703,703,702,696,696,697,698,700,700,700,700,700,700,700,700,701,701,701,701,701,702,703,703,703,703,703,703,703,703,702,700,697,698,704,711,718,721,721,720,720,724,730,736,741,746,750,755,760,761,764,769,775,780,784,784,784,785,793,801,806,811,816,822,829,837,842,844,838,838,829,821,825,830,838,847,855,858,865,873,881,888,896,905,914,917,920,923,924,927,927,929,931,930,930,931,933,937,940,943,944,947,948,
769,779,787,794,798,803,808,813,820,828,834,841,845,846,858,861,854,846,839,831,823,816,808,801,794,787,780,776,769,761,754,748,746,746,742,732,724,716,708,705,705,705,703,700,696,698,699,700,700,700,700,700,700,700,701,701,701,701,702,702,702,702,702,703,703,703,703,702,702,703,702,697,697,701,708,714,716,715,715,716,719,725,730,735,739,744,749,754,760,762,765,770,773,780,783,783,784,790,795,801,806,814,821,828,834,836,837,825,818,814,817,822,828,836,846,853,859,866,874,882,888,897,909,913,915,915,916,919,921,923,924,925,925,925,926,929,933,936,937,940,944,947,
770,778,784,789,794,800,806,814,820,827,833,839,846,846,854,859,853,846,839,831,823,816,808,801,794,787,779,776,769,761,755,752,752,753,746,736,727,720,713,709,709,707,705,703,700,700,699,700,700,700,700,700,700,700,701,701,701,702,703,703,703,703,702,702,703,703,704,702,702,702,702,698,697,698,705,709,711,713,714,716,719,720,724,728,733,738,744,750,757,761,762,766,769,774,780,783,784,786,791,797,805,812,818,825,829,826,822,815,809,811,817,825,832,840,846,852,858,866,873,881,889,897,904,908,907,907,910,912,913,916,917,919,918,920,922,924,928,932,934,938,942,947,
770,775,781,787,795,802,809,815,821,825,831,836,844,846,851,856,852,846,839,831,823,816,808,801,794,788,780,776,771,764,760,759,760,756,749,740,732,725,719,715,713,710,707,706,704,703,700,701,700,700,700,701,701,701,703,703,703,704,704,704,704,704,703,703,703,703,703,703,703,703,702,699,697,698,703,708,710,712,714,716,718,720,722,725,728,734,740,746,752,759,762,763,767,770,776,780,783,783,787,794,802,809,816,821,820,809,809,807,806,811,820,827,833,840,846,853,860,866,873,880,889,892,897,899,898,898,901,902,905,908,910,911,911,916,920,925,928,931,934,938,943,947,
767,774,782,790,798,803,808,812,817,823,830,833,840,846,848,853,851,846,838,831,824,815,809,801,792,785,781,777,775,770,767,767,766,759,752,745,737,730,723,719,717,714,711,709,708,706,702,704,704,704,703,704,703,703,704,705,708,711,712,710,708,706,704,703,703,703,703,703,703,704,704,702,698,698,702,705,709,711,713,716,718,720,722,724,727,731,736,743,749,755,761,762,765,767,773,779,779,781,784,791,799,805,811,812,802,800,799,800,805,813,821,828,836,841,847,854,860,866,873,881,884,886,889,887,888,889,891,893,896,900,903,908,915,921,925,928,932,935,937,941,945,948,
771,778,785,791,795,799,804,809,814,820,827,830,837,844,848,852,851,845,837,830,823,814,807,800,795,791,787,780,777,777,775,774,770,762,756,749,742,735,729,725,721,718,715,711,712,711,708,709,709,707,707,708,707,706,706,708,713,717,719,717,713,710,707,706,706,706,708,707,704,704,704,702,699,699,704,705,708,710,713,715,718,720,722,724,726,729,733,739,745,751,757,762,762,765,771,776,777,777,782,789,795,800,804,798,792,792,795,801,808,816,823,830,836,842,850,856,860,867,873,877,877,878,880,879,879,881,885,890,897,902,907,912,918,924,927,931,934,936,940,944,948,951,
770,778,782,786,790,795,799,805,811,817,823,828,835,842,848,850,850,844,836,828,822,817,811,806,803,798,791,785,782,778,778,779,774,767,761,753,746,739,734,730,726,722,718,718,718,717,715,715,714,713,713,713,713,714,714,716,719,724,725,723,719,715,712,711,711,712,713,712,709,706,705,703,701,700,704,705,706,709,713,715,718,720,722,724,726,729,731,736,742,748,754,760,763,764,768,774,775,776,779,785,791,793,791,787,786,791,798,805,812,819,825,832,838,844,849,855,861,865,869,869,870,870,871,872,876,883,890,897,903,909,915,918,921,924,928,932,935,939,943,946,949,952,
768,774,779,782,786,792,797,803,810,816,822,828,834,841,849,850,850,843,837,833,827,823,819,814,808,802,797,792,789,786,783,779,778,770,764,757,750,744,739,735,731,727,724,725,724,723,722,723,722,720,720,720,720,722,725,729,729,730,730,729,726,722,720,719,718,719,720,717,714,710,706,705,702,702,702,704,706,709,713,716,718,720,723,724,726,729,731,734,738,744,751,757,763,763,766,771,774,773,776,781,783,783,782,782,785,792,800,808,816,822,830,835,840,844,850,853,857,859,862,862,862,862,865,871,879,888,897,903,911,917,922,924,925,927,930,933,937,942,946,950,952,956,
766,770,776,781,786,791,797,803,809,816,824,829,836,843,850,851,852,846,842,839,834,829,825,819,813,807,802,798,795,793,793,782,780,775,768,761,754,749,745,741,738,735,733,732,731,729,729,730,729,728,727,727,727,731,734,742,741,739,738,736,733,731,728,726,726,726,724,721,718,716,711,705,704,702,702,703,706,709,712,715,718,720,723,724,726,728,731,733,736,741,747,754,761,763,764,769,771,772,771,775,777,777,777,780,787,795,802,808,816,824,831,837,841,843,843,846,848,850,853,853,854,859,866,874,883,892,902,910,916,921,924,926,928,930,932,934,938,944,949,956,957,959,
765,772,777,782,788,793,799,805,811,818,824,831,839,846,852,855,855,852,850,845,840,835,830,824,818,813,807,802,801,801,800,789,781,779,772,765,759,755,752,750,748,747,743,741,738,737,736,737,739,737,735,734,737,739,742,752,756,751,747,744,742,739,736,734,733,732,729,726,724,722,717,710,704,702,701,703,706,708,712,715,718,720,722,725,726,728,730,733,735,739,745,751,759,763,764,767,769,767,769,770,771,773,775,780,788,795,802,808,816,825,830,833,836,834,830,830,833,838,842,847,854,860,868,876,887,896,906,913,918,921,923,926,929,931,934,936,942,948,954,958,959,963,
767,773,778,785,791,798,804,810,815,821,825,833,841,849,853,858,862,860,855,852,846,841,836,830,824,818,813,808,808,808,803,793,785,781,777,771,765,763,760,758,758,758,755,750,747,748,747,748,748,745,744,742,746,748,754,759,764,760,756,752,749,746,742,741,739,737,734,731,730,729,723,715,705,702,701,702,705,709,711,714,718,719,721,724,726,728,731,733,735,738,743,749,756,763,764,765,766,765,766,766,766,769,776,781,791,798,804,811,818,821,822,822,821,819,818,823,831,836,842,850,859,866,873,881,890,899,906,910,914,919,922,925,927,931,934,937,942,949,955,959,962,963,
770,776,780,788,796,802,809,816,820,823,829,835,843,851,854,859,869,867,862,856,853,847,841,835,829,824,818,815,816,814,806,797,789,782,781,777,773,770,768,767,768,768,765,759,756,757,755,758,757,755,754,751,755,758,764,769,770,767,763,760,756,752,748,746,745,743,740,738,737,735,728,720,710,702,701,701,705,708,710,712,717,719,721,723,726,729,731,734,736,738,741,747,754,762,764,765,762,760,762,766,764,771,778,785,793,799,805,811,811,812,812,812,811,812,818,826,835,842,848,853,862,869,876,883,890,897,902,905,910,915,920,924,927,930,933,937,940,947,954,958,961,962,
773,777,781,788,798,808,815,819,823,830,836,840,846,854,855,860,873,874,869,863,857,853,846,840,834,829,823,822,823,816,808,801,795,788,783,782,781,778,778,776,777,777,773,769,765,767,764,766,766,765,762,759,762,769,773,776,776,774,771,767,762,758,754,752,751,749,746,745,744,742,733,724,714,703,700,701,704,707,710,711,715,719,720,723,727,729,730,734,736,737,740,745,752,759,764,764,760,758,758,761,767,773,779,784,790,795,799,801,801,802,803,804,808,814,821,828,837,846,854,860,866,870,876,882,888,893,898,902,907,913,918,922,926,928,932,935,940,946,953,958,961,962,
775,781,782,788,801,812,818,818,825,831,837,842,848,854,857,860,870,878,876,869,862,857,851,845,839,834,830,829,827,819,811,806,802,797,791,786,783,783,784,784,785,785,780,777,775,775,772,775,775,774,772,770,772,776,781,782,783,782,779,773,768,764,761,759,757,756,754,753,752,746,736,726,715,704,700,700,703,705,709,711,714,717,721,722,726,728,728,731,734,736,739,743,750,758,764,764,760,756,759,763,768,771,776,780,783,787,791,792,792,796,798,804,811,818,827,833,841,850,859,865,869,872,877,882,886,891,896,901,906,912,917,921,926,928,932,935,939,945,953,959,961,961,
780,787,787,790,805,810,813,816,822,829,834,840,847,853,858,859,866,874,880,875,868,861,856,850,845,839,837,837,832,823,818,814,810,805,800,794,790,790,790,790,787,785,786,785,783,782,780,782,784,783,781,779,779,783,787,788,789,790,785,780,776,771,768,766,764,763,762,761,758,746,735,726,718,706,701,700,701,704,708,711,715,717,720,722,724,723,725,728,730,733,736,741,749,756,764,765,762,758,760,764,768,770,773,776,779,782,785,788,791,796,801,809,817,824,834,840,847,854,863,870,875,877,881,884,887,891,895,901,907,913,919,923,926,929,933,936,940,945,952,959,960,961,
781,786,790,796,801,804,809,815,819,826,832,839,845,851,855,859,863,870,876,879,872,866,860,857,851,846,844,842,835,830,826,822,816,809,802,797,795,796,797,796,793,791,789,786,787,787,787,788,788,789,789,788,788,790,792,793,792,793,791,787,783,779,776,773,771,771,770,767,758,747,738,729,720,710,702,700,701,703,707,710,714,716,718,719,719,723,728,730,733,735,738,742,748,756,763,765,765,760,760,763,767,769,770,773,777,782,785,790,795,801,808,814,822,829,837,845,851,858,865,873,879,883,886,890,893,896,899,904,909,915,920,924,927,931,934,937,941,946,952,959,960,960,
780,785,790,793,797,803,807,813,816,824,830,836,842,845,851,859,863,867,874,878,878,872,866,861,858,852,852,847,842,838,832,824,817,810,804,800,800,802,805,805,799,797,796,793,791,790,791,792,794,794,792,790,791,793,797,799,799,797,793,793,792,787,784,781,778,778,777,769,759,748,741,732,725,716,704,700,700,702,707,709,713,715,715,716,721,726,729,732,734,737,739,742,748,755,762,765,766,762,761,762,765,768,771,776,781,785,790,794,799,805,810,817,823,830,837,843,850,857,864,872,879,885,890,895,900,903,906,908,912,917,922,925,929,932,935,938,943,948,951,957,960,960,
780,786,790,794,798,802,805,811,815,823,828,834,839,844,850,856,862,866,872,878,880,878,873,868,861,858,858,855,848,841,834,826,819,812,807,805,807,808,811,814,809,805,803,798,796,796,798,802,803,803,800,796,797,800,804,806,806,804,800,797,794,794,792,788,786,786,782,772,761,750,742,734,728,719,707,701,701,703,707,709,710,711,714,717,721,725,729,732,734,735,738,741,748,755,762,765,766,762,762,765,768,771,775,778,783,786,792,797,801,805,809,815,822,829,835,842,848,855,863,870,876,883,888,893,900,907,912,914,916,920,923,926,930,934,936,938,940,945,949,955,959,959,
780,786,792,795,799,803,807,812,815,820,826,831,836,843,848,854,861,867,872,879,878,881,879,873,867,862,863,858,850,843,836,828,821,814,811,811,814,816,817,820,819,813,807,802,800,802,805,810,813,811,807,804,805,808,811,814,812,810,807,806,803,797,795,795,794,793,785,774,762,753,745,738,730,721,712,703,701,702,704,707,709,713,715,716,719,722,727,727,728,732,738,741,747,754,762,766,766,764,766,769,772,775,779,781,785,789,793,797,802,807,811,815,821,827,833,839,846,854,861,867,873,878,883,890,898,905,912,917,920,922,925,928,930,933,935,936,937,941,946,952,957,958,
782,785,790,794,799,804,810,812,816,820,825,830,835,841,847,853,859,866,870,877,878,879,885,879,873,870,865,860,853,845,838,830,823,817,815,817,821,824,824,826,824,817,812,806,805,808,812,817,821,818,813,812,813,815,819,823,820,817,813,812,809,807,803,797,796,795,786,776,765,755,748,738,729,722,716,707,702,701,703,706,709,712,714,715,717,720,722,725,729,734,738,741,747,754,762,766,767,766,768,772,775,778,781,785,788,792,795,797,801,807,813,818,822,826,831,837,843,850,857,862,868,874,880,886,894,901,908,915,920,923,924,926,928,931,932,934,936,940,945,951,956,957,
781,784,791,796,802,808,812,816,822,825,828,832,837,843,848,853,859,866,872,877,878,879,889,884,880,875,868,862,854,847,840,832,825,821,820,823,826,831,832,832,828,823,816,811,810,814,817,823,827,823,820,819,820,822,826,830,828,823,820,818,815,813,810,806,800,796,789,780,769,758,749,741,735,727,720,712,702,701,702,705,709,711,713,714,716,718,722,726,731,735,738,741,747,754,762,766,767,767,771,774,777,781,784,788,792,795,798,800,802,806,812,818,823,828,830,834,840,846,852,858,863,869,875,882,889,896,903,909,915,919,920,923,926,928,930,933,936,938,944,951,956,957,
781,784,791,800,806,810,819,825,829,833,836,838,841,845,851,856,861,866,873,877,878,879,891,890,886,879,871,864,857,850,842,835,829,826,826,828,831,836,839,837,831,825,819,816,816,819,823,829,833,829,827,827,828,829,833,837,835,830,827,825,822,819,817,814,805,797,794,784,774,763,755,750,743,734,725,717,708,702,701,703,708,709,710,713,716,720,726,729,732,735,738,741,748,754,762,766,767,770,773,775,779,783,785,789,792,796,799,802,806,809,812,816,820,825,829,832,836,841,847,853,858,864,871,878,885,892,898,904,909,913,915,917,921,924,928,932,934,938,944,952,956,956,
781,785,791,800,805,811,819,826,832,838,843,846,848,851,855,860,866,870,875,877,878,879,892,896,890,882,874,866,859,852,845,838,833,831,832,834,837,841,844,839,833,828,824,822,823,824,828,833,838,836,835,834,835,836,840,842,840,838,835,832,829,825,823,817,809,801,797,787,777,769,764,757,748,739,729,721,712,704,701,702,704,706,710,712,716,720,724,729,732,735,738,742,748,755,762,767,768,772,774,778,780,784,787,790,793,798,801,804,807,811,814,818,822,824,827,831,835,839,844,849,854,859,866,873,880,887,893,898,903,906,909,914,919,925,928,932,935,938,943,949,955,956,
779,786,791,799,804,811,817,824,830,837,844,850,855,858,862,866,870,875,878,878,878,881,894,898,893,885,877,869,863,855,848,842,838,836,838,840,843,846,848,842,836,830,828,828,829,830,834,837,842,842,841,841,842,845,845,845,844,843,842,839,835,832,829,822,814,804,798,792,784,776,767,759,750,741,732,725,718,708,702,701,703,705,708,711,715,721,725,730,733,736,740,746,751,756,763,767,769,773,777,781,784,786,790,794,797,800,804,807,810,814,816,820,824,826,828,832,835,839,844,847,852,857,862,868,874,881,887,891,895,901,907,913,919,925,929,932,935,938,942,947,954,956,
780,787,790,799,803,811,818,825,831,838,845,851,857,863,868,872,876,880,881,878,878,889,895,900,895,887,880,873,866,859,851,845,842,841,843,846,849,853,851,846,839,835,834,835,835,835,839,843,845,847,847,847,849,851,850,848,846,844,844,843,841,836,830,824,816,806,798,796,787,778,768,759,751,743,735,728,721,712,704,702,702,704,706,710,716,724,730,733,736,740,745,750,757,762,766,767,771,777,780,783,786,788,793,796,799,803,807,810,813,816,820,823,827,829,830,832,835,840,846,851,857,862,866,870,875,880,885,891,897,902,909,916,922,927,931,933,936,939,942,949,954,955,
780,787,791,799,803,810,819,826,833,839,845,850,856,862,869,874,880,882,878,877,887,894,898,903,898,891,883,876,868,862,855,849,846,846,850,852,855,859,855,848,843,841,840,842,842,842,845,849,852,853,853,853,856,854,853,851,849,847,845,844,842,839,833,824,817,808,799,797,787,778,769,761,754,746,739,732,725,717,709,702,702,703,704,710,716,723,729,736,740,745,750,756,762,766,767,768,771,780,784,787,789,792,796,799,801,805,808,811,816,820,823,827,830,833,833,834,836,841,847,854,864,869,874,879,883,889,893,896,902,908,913,917,923,926,931,935,938,941,946,952,955,955,
781,788,793,799,803,810,818,824,830,836,841,847,854,860,867,873,881,882,880,882,890,901,904,907,902,894,886,879,870,864,858,853,851,851,855,859,862,864,859,852,849,847,847,848,848,849,852,855,858,859,859,860,861,859,855,853,852,850,848,846,844,841,837,828,820,812,802,799,789,781,774,766,758,750,743,736,729,722,714,706,702,702,704,706,714,720,726,732,738,745,749,756,763,767,768,768,772,781,787,791,793,796,799,802,805,808,811,814,819,823,827,831,835,837,838,839,840,843,847,855,867,876,881,886,890,894,900,902,907,912,917,922,924,928,932,935,938,942,950,954,954,955,
782,788,794,799,803,809,816,822,828,834,840,846,853,859,865,872,877,877,881,885,891,908,910,910,904,896,888,881,873,868,861,857,855,857,860,865,868,868,863,858,854,853,854,855,855,856,859,861,864,866,866,864,864,864,860,856,854,852,850,848,846,842,839,832,822,814,804,799,793,785,776,769,762,755,747,740,734,727,720,710,702,702,704,704,709,715,721,726,733,739,746,756,766,768,768,768,773,782,787,792,796,800,802,805,810,813,817,820,824,828,832,836,838,842,842,844,846,848,850,856,867,877,884,891,897,900,905,909,912,916,920,925,927,930,933,935,938,944,951,953,954,954,
782,788,794,797,800,805,813,818,824,830,836,842,848,856,864,871,876,877,877,885,893,906,915,914,907,899,891,884,877,870,866,863,861,862,865,870,875,873,868,863,860,861,861,862,862,862,865,868,870,872,872,870,868,866,865,860,857,856,853,850,847,844,841,835,824,817,808,800,795,787,780,773,767,760,753,745,739,729,720,714,706,702,703,704,706,712,718,724,729,736,745,757,765,768,768,768,773,782,790,794,797,801,805,808,813,818,823,827,830,834,837,840,844,847,848,850,851,853,855,858,867,877,884,892,899,905,910,916,918,920,923,926,929,932,934,937,940,946,952,953,954,954,
781,787,793,796,798,800,805,810,816,823,829,837,846,855,861,868,874,877,877,882,893,903,912,917,910,902,894,887,880,872,872,869,866,866,871,877,879,878,873,867,867,867,868,868,869,870,872,874,876,876,876,875,873,870,866,864,861,858,856,853,849,846,842,836,829,820,810,800,798,791,783,776,770,764,758,750,741,732,724,718,708,703,703,704,705,710,716,722,728,736,746,755,762,768,768,769,774,783,793,797,802,804,807,811,816,820,826,832,837,841,843,846,850,852,855,857,857,859,861,863,871,877,884,891,897,904,911,917,920,923,926,928,931,933,935,939,944,947,952,953,954,954,
781,785,786,788,788,792,800,807,813,820,828,836,845,852,857,864,870,877,877,881,890,899,909,916,912,904,896,889,883,876,872,873,871,872,876,880,884,881,877,872,873,875,876,875,876,878,879,880,881,880,879,879,879,876,871,866,862,860,859,857,851,847,843,837,831,821,813,804,800,795,788,781,774,768,762,754,747,738,730,721,711,704,703,703,704,706,712,718,725,735,744,751,758,765,769,769,774,784,794,802,807,809,810,813,819,823,828,834,841,847,850,853,855,857,861,863,863,864,866,869,876,883,887,891,898,905,912,918,922,926,929,931,933,936,940,946,950,951,952,953,953,954,
774,777,781,784,785,790,796,804,812,820,828,835,841,847,854,860,867,873,877,879,885,896,906,912,914,908,900,894,887,881,878,877,878,878,881,885,889,885,882,880,880,883,883,883,882,885,886,886,887,885,883,882,881,880,874,869,864,862,861,858,854,848,844,841,832,823,814,807,801,799,793,786,778,771,765,758,749,740,732,722,714,707,704,703,704,705,708,713,721,729,739,747,754,762,768,769,774,784,793,804,812,813,816,818,822,828,832,837,843,849,854,859,861,863,868,869,870,870,872,875,881,888,893,897,900,906,913,919,926,929,934,935,937,941,944,946,951,951,952,953,953,954,
767,768,773,776,779,786,794,802,811,819,825,831,837,843,850,857,864,871,878,878,883,893,903,909,915,911,904,898,891,886,884,884,884,885,888,891,894,892,889,885,885,888,890,891,891,892,892,891,891,890,888,885,883,882,879,873,870,867,864,860,856,850,845,842,835,826,817,809,801,800,796,789,781,773,767,759,750,742,734,725,716,710,705,703,704,704,706,709,718,727,736,744,752,760,768,769,775,784,794,805,814,818,818,823,826,831,837,842,848,852,856,861,866,869,873,876,878,877,878,881,887,893,898,902,906,911,916,922,926,932,935,935,936,940,944,945,947,950,952,952,953,953,
753,758,765,769,774,783,792,801,808,815,821,827,834,841,848,855,862,869,878,878,880,889,898,908,915,915,909,902,897,893,891,891,891,891,895,897,900,900,897,893,892,895,898,901,900,900,898,897,896,893,892,886,883,882,882,880,876,873,867,862,857,851,845,841,835,827,819,811,802,801,797,790,782,775,767,760,751,744,736,728,720,713,708,705,704,704,705,708,714,725,734,743,751,759,768,770,776,786,795,804,813,821,825,826,832,837,841,846,852,857,862,866,869,873,877,881,885,885,885,889,893,898,903,907,912,916,920,924,930,933,934,935,935,937,943,944,946,947,948,950,951,952,
743,752,757,764,776,784,793,800,806,812,819,825,831,838,846,855,863,870,877,882,882,887,894,902,915,918,913,908,903,900,899,898,897,898,901,905,908,908,904,900,899,901,904,904,904,903,903,900,897,894,894,890,886,884,883,883,880,876,870,864,858,852,847,840,838,831,822,813,805,802,796,790,783,776,768,760,752,745,738,730,723,715,709,707,704,704,704,705,711,723,736,745,753,761,769,770,777,787,796,805,812,819,826,831,836,843,846,850,856,860,865,870,873,877,881,886,890,892,891,895,901,904,908,912,916,920,924,929,932,933,934,934,935,936,939,943,944,946,947,949,950,951,
737,745,753,764,775,783,790,797,803,810,816,823,830,837,845,854,863,871,876,882,886,887,895,903,914,918,918,914,909,906,905,904,904,904,907,911,915,914,909,907,907,906,905,905,904,904,901,898,896,894,893,891,889,887,885,884,883,879,873,866,860,854,848,841,837,832,823,814,806,802,797,789,783,778,771,764,755,747,740,733,726,718,710,708,707,704,705,705,709,722,737,748,757,766,770,770,778,788,798,805,812,819,826,833,840,848,853,856,859,864,868,873,879,882,885,891,895,896,896,901,906,908,912,917,920,925,929,930,931,932,933,934,935,936,937,939,942,943,944,946,949,950,
734,741,755,765,772,780,787,793,801,808,816,822,831,840,848,856,862,867,872,878,886,889,891,899,906,913,917,918,914,912,911,910,910,911,913,916,920,918,915,912,909,906,906,905,905,901,900,896,891,888,887,888,886,885,883,883,883,880,873,867,861,854,849,842,836,832,824,816,808,802,798,791,784,777,772,766,758,751,744,737,730,721,713,709,709,705,705,705,708,721,733,745,754,760,769,770,779,789,798,805,813,820,827,835,843,851,857,860,861,866,871,876,882,889,892,894,896,899,902,907,909,912,917,920,925,928,929,930,931,932,933,934,935,936,936,937,940,942,943,944,947,950,
733,739,752,760,769,776,782,788,796,803,809,815,823,837,848,853,858,863,869,875,881,889,891,895,903,910,916,920,920,918,917,916,917,918,919,922,924,924,921,919,913,907,906,905,905,901,894,889,885,882,880,883,880,879,878,877,877,876,874,868,862,856,851,845,839,834,827,819,810,803,801,793,785,778,771,766,761,755,748,742,734,725,717,709,710,708,705,705,706,714,730,740,746,754,769,771,779,788,796,804,812,819,826,833,842,849,858,862,866,868,873,878,885,892,894,897,899,901,906,912,913,917,920,924,926,928,929,929,930,931,932,934,935,935,936,937,938,941,942,942,945,950,
733,739,746,754,763,770,777,784,791,798,805,813,820,829,843,849,855,861,868,874,879,888,891,894,898,907,915,921,923,925,925,924,923,924,927,928,930,931,929,923,914,907,906,906,903,894,887,883,879,875,874,876,874,872,871,869,870,872,871,870,864,859,855,849,844,837,830,822,813,805,802,795,787,780,773,766,761,756,749,743,736,728,720,712,711,710,706,706,706,714,724,734,742,752,770,772,779,790,799,805,814,821,829,838,843,849,855,863,869,873,877,881,888,894,894,897,900,902,907,913,916,919,922,924,926,927,928,929,930,931,932,933,934,935,936,936,937,940,941,942,945,950,
733,739,746,753,759,766,777,785,792,798,805,812,820,829,839,847,854,859,866,872,879,887,892,897,897,902,910,921,924,928,929,930,930,933,933,935,939,937,930,922,913,907,907,906,895,888,882,877,874,871,866,868,867,865,864,861,862,865,867,866,864,860,857,852,845,839,833,825,816,808,804,797,789,781,775,769,762,757,750,744,738,731,722,714,712,711,706,706,706,712,723,733,742,751,770,772,779,788,797,805,814,822,831,840,848,855,861,867,872,877,880,884,891,894,894,898,900,902,907,913,917,920,922,923,925,926,927,929,930,931,932,933,934,934,935,936,937,940,941,942,946,951,
733,739,744,750,761,769,777,785,794,800,809,818,826,833,841,847,853,860,867,874,881,887,894,896,902,900,906,917,920,924,927,931,933,937,940,941,942,936,928,919,910,908,907,903,890,883,877,871,867,865,861,857,859,859,859,854,855,858,862,862,862,861,859,854,847,840,834,828,819,811,804,800,792,784,778,772,766,759,753,746,739,732,723,716,712,712,707,706,706,712,724,733,742,751,770,773,777,786,795,803,812,822,833,842,850,858,865,870,874,879,882,886,892,894,895,899,901,903,908,913,918,920,921,922,923,925,926,928,929,930,931,932,933,933,934,935,938,940,942,945,949,952,
731,737,742,750,760,770,781,788,796,803,813,822,829,836,843,849,855,862,868,876,884,890,897,896,898,900,902,908,915,917,922,926,933,938,941,943,942,934,925,916,909,908,907,893,886,880,873,867,862,858,855,853,851,851,852,849,848,852,855,857,858,859,858,855,850,842,834,829,822,813,805,802,794,788,782,776,769,762,756,749,742,734,725,717,713,712,707,706,706,714,725,734,742,752,770,774,778,785,795,803,812,823,833,843,852,860,866,873,877,881,883,887,894,895,895,899,901,903,906,911,915,919,920,921,922,923,925,927,928,929,930,931,932,932,934,935,939,940,943,948,952,953,
729,736,744,753,762,774,783,791,799,806,815,823,832,839,846,853,859,865,871,876,882,887,894,897,898,899,901,904,908,912,918,924,930,937,939,941,939,931,922,913,909,908,905,890,883,878,872,866,859,853,849,847,845,844,845,843,841,845,847,850,852,854,854,855,851,844,838,830,823,815,805,805,799,792,785,778,771,765,758,751,744,736,727,718,713,711,707,706,707,718,728,737,745,754,770,775,780,787,798,805,813,823,835,846,855,864,869,874,877,882,884,888,894,895,896,898,901,903,906,910,913,916,919,920,921,922,923,925,926,927,929,930,931,932,933,934,938,940,944,950,952,953,
729,738,747,756,766,775,784,792,802,810,818,827,835,840,847,854,859,863,868,872,878,883,889,893,896,899,900,903,905,908,915,922,927,935,938,939,935,927,918,910,909,908,894,887,881,877,871,865,858,851,845,842,839,836,837,837,835,838,840,842,846,847,847,850,848,843,839,830,822,815,808,805,800,794,786,779,772,766,759,751,744,737,728,718,713,710,707,707,709,718,731,740,748,757,771,776,784,792,804,814,820,829,841,852,860,867,872,875,879,883,884,888,894,896,897,898,899,901,903,908,911,913,917,919,920,921,922,923,925,926,927,929,930,931,932,934,938,939,945,951,953,953,
731,740,754,762,772,781,788,795,803,812,820,826,832,838,845,850,854,858,863,868,874,879,882,887,890,896,899,902,903,906,912,920,925,933,938,936,930,923,915,910,909,908,896,888,881,876,869,863,857,851,844,839,835,832,828,829,828,830,832,835,839,840,842,845,843,838,833,828,820,813,806,805,795,788,782,778,772,766,759,751,743,736,726,717,711,709,707,707,713,723,734,743,754,763,771,780,788,800,810,820,830,837,847,855,863,870,874,876,881,884,885,888,895,896,897,898,899,900,901,905,909,911,913,916,919,920,921,922,923,925,927,928,930,931,932,933,937,938,944,950,952,953,
736,745,757,765,774,782,789,795,802,808,817,823,829,835,840,844,848,853,858,864,869,874,879,880,886,890,894,899,904,906,910,918,923,931,935,933,926,919,912,910,910,907,898,890,882,876,870,865,859,852,845,838,833,828,825,821,821,823,824,828,832,833,836,838,839,833,827,822,815,808,805,796,785,775,770,767,762,759,756,749,741,732,722,713,711,707,707,711,718,725,739,748,761,771,772,782,790,802,812,823,833,843,852,860,867,873,876,879,883,885,886,888,895,896,897,898,899,900,901,902,905,908,911,913,915,918,920,921,923,924,927,929,929,930,932,933,936,937,941,948,952,953,
738,747,755,763,771,779,787,792,798,806,813,820,825,830,834,839,843,849,854,859,864,868,872,876,880,885,892,898,904,907,909,915,922,927,931,929,923,916,912,911,910,907,902,894,887,881,874,868,861,854,847,840,833,827,822,818,816,816,817,820,823,827,830,832,833,831,824,818,811,807,799,787,777,767,760,758,752,749,746,743,736,728,717,711,707,707,709,716,722,730,741,752,765,773,773,784,795,805,815,825,835,844,854,864,871,874,877,882,884,885,886,888,895,896,897,898,899,900,901,902,903,905,908,912,912,915,919,921,923,925,927,928,928,930,931,932,935,936,939,945,950,952,
736,744,752,760,768,777,785,790,795,802,809,815,819,824,829,834,839,844,850,855,859,863,868,872,878,884,890,896,900,907,909,913,919,923,926,925,919,913,912,911,910,908,905,897,891,884,877,871,864,856,848,841,834,828,822,817,813,812,812,811,813,817,823,826,827,828,821,813,807,803,791,780,770,760,753,749,745,741,737,736,728,720,711,708,707,708,714,721,728,734,744,756,767,773,773,786,796,806,816,826,836,846,856,865,872,875,877,882,884,885,887,888,893,896,897,898,899,900,901,902,902,903,905,908,911,912,918,921,923,926,927,927,928,929,930,932,935,936,937,941,945,948,
733,740,748,756,764,773,781,785,790,797,804,810,815,820,825,830,835,840,845,850,854,859,865,871,877,883,889,894,898,904,910,912,916,920,923,920,915,913,912,911,910,909,908,901,894,888,881,873,865,857,849,842,835,829,823,817,813,812,811,810,810,810,810,813,820,817,814,808,805,796,788,776,766,755,747,742,737,732,728,725,718,710,708,707,708,714,721,729,737,741,751,761,772,773,773,787,797,806,817,828,838,849,858,868,872,875,878,882,884,886,887,888,892,896,897,898,899,900,901,901,902,902,903,905,910,911,915,921,924,925,926,927,927,928,929,932,933,935,936,939,941,943,
733,737,745,751,758,769,778,785,792,797,801,808,813,818,823,827,831,836,841,846,851,857,864,870,876,883,889,892,896,901,908,912,915,917,918,916,913,913,912,912,910,910,909,901,893,886,879,871,864,857,849,842,836,830,824,818,813,811,803,803,803,805,808,809,809,809,808,808,803,793,781,770,761,752,743,736,731,726,721,713,709,709,708,708,716,721,726,735,742,750,757,765,774,774,779,791,799,808,819,830,841,851,860,867,871,874,877,880,884,886,887,888,890,895,897,898,899,900,900,901,902,902,903,903,907,911,912,918,924,924,925,927,927,927,927,931,933,934,935,936,938,939,
734,737,742,747,756,770,777,784,792,800,807,809,813,817,822,826,831,836,841,846,852,857,864,870,876,881,886,891,896,901,909,914,914,915,915,914,914,913,913,912,911,909,904,899,892,884,877,870,863,857,851,845,841,836,828,819,813,809,802,796,796,798,799,802,804,808,805,803,799,788,778,766,756,747,739,732,726,720,713,710,710,708,708,711,716,723,730,738,747,755,762,770,778,785,791,796,803,812,823,833,843,853,861,866,869,872,875,879,883,885,886,888,889,893,897,898,899,899,900,901,901,902,902,903,904,909,911,914,921,923,924,924,926,927,927,928,931,932,933,934,935,936,
733,737,740,746,755,765,773,781,788,797,805,809,815,820,824,828,833,838,843,847,853,858,865,871,877,881,885,890,896,902,909,914,915,915,915,914,915,914,913,912,911,906,900,894,888,884,878,871,867,862,857,852,847,839,830,820,814,809,801,794,790,790,791,793,796,798,795,792,790,785,776,766,757,747,737,729,721,713,710,710,708,708,711,716,723,732,744,749,755,762,768,774,783,790,798,804,809,818,827,836,846,854,860,865,868,871,874,878,881,885,886,887,889,890,895,898,898,899,900,900,901,901,902,902,903,906,910,911,915,920,922,923,923,926,927,927,928,931,932,932,933,933,
734,736,740,746,753,762,770,779,788,796,805,810,816,821,826,830,835,838,843,848,853,859,865,873,878,882,886,890,894,901,908,915,915,915,915,915,915,914,914,912,912,905,897,891,885,879,877,873,868,867,863,856,849,842,833,822,814,810,802,794,786,784,784,785,788,791,787,782,779,777,772,763,753,745,735,723,715,710,709,709,708,713,718,722,732,744,754,762,764,770,777,781,790,797,805,811,818,825,833,841,848,852,857,863,868,871,874,877,880,882,885,886,888,889,891,894,897,899,899,900,900,901,901,902,903,905,909,911,912,914,918,921,921,921,925,927,927,927,929,930,931,931,
735,738,742,748,755,765,773,781,789,797,806,813,820,826,831,834,838,842,845,850,855,860,865,872,879,886,891,895,898,903,909,915,916,915,916,916,915,915,914,913,910,903,896,888,881,875,870,867,863,861,859,855,849,842,834,824,815,813,805,796,788,779,778,778,779,781,777,775,771,768,764,758,746,737,725,715,711,710,710,708,714,720,726,730,739,749,760,769,774,776,787,791,797,805,812,819,825,829,834,839,845,850,856,862,867,870,874,877,880,883,883,885,887,888,889,890,892,894,895,896,898,900,901,902,905,906,908,910,911,912,913,917,919,920,920,923,926,926,926,926,927,929,
735,740,744,751,757,765,772,781,790,799,808,814,822,829,836,841,843,846,850,854,858,863,868,873,880,888,895,901,904,908,912,916,916,916,916,916,916,915,914,913,907,900,893,887,879,872,866,861,858,854,853,850,845,841,835,823,815,814,807,800,792,783,774,772,771,772,769,767,764,760,755,751,739,728,719,713,710,710,709,714,720,726,734,740,745,757,764,773,777,784,795,802,802,810,813,819,823,827,832,836,841,846,852,858,864,868,872,874,876,878,881,884,884,885,887,886,888,889,889,889,892,896,900,903,906,907,908,908,910,911,911,912,916,918,918,919,921,924,925,925,925,925,
737,742,748,756,760,766,773,782,791,799,808,816,823,830,837,844,849,852,856,860,863,867,871,876,882,889,896,903,909,914,917,917,917,917,917,917,916,916,914,912,905,897,891,884,877,870,863,857,852,848,846,843,839,837,834,822,816,815,808,800,793,784,776,770,765,764,762,760,758,753,748,741,733,723,716,711,711,710,714,718,725,732,741,750,752,762,771,777,782,792,800,806,809,811,811,814,818,820,825,829,834,840,846,853,859,864,868,870,871,873,875,878,883,884,884,883,884,884,884,886,888,891,897,900,905,906,907,907,910,910,910,911,912,914,917,917,917,918,919,922,925,925,
739,746,753,761,765,769,777,786,793,801,809,817,825,832,839,846,853,858,861,865,868,872,876,880,885,890,898,904,911,915,917,917,917,917,917,917,917,916,915,912,903,895,889,882,875,868,861,854,849,844,839,837,832,829,827,820,816,811,804,797,790,783,776,771,768,764,759,755,752,749,744,733,724,716,712,711,711,710,716,721,729,737,746,759,760,769,775,782,789,793,798,800,802,804,806,808,811,813,816,821,826,832,840,848,854,858,862,864,866,869,871,874,877,879,879,877,877,878,880,882,886,888,893,897,899,899,902,904,905,910,910,909,910,909,912,914,915,915,915,916,918,922,
744,752,758,763,771,777,783,790,797,804,810,818,826,833,841,848,855,862,866,869,874,878,882,884,888,893,899,905,911,917,917,918,918,918,918,918,917,917,916,911,903,896,889,882,877,870,863,856,850,843,837,832,827,823,819,816,815,808,802,795,789,784,779,776,773,769,764,761,758,754,745,735,724,716,712,711,711,713,718,724,732,744,753,762,768,775,777,780,782,784,788,792,794,796,799,801,803,806,809,813,819,826,834,843,849,854,857,861,862,865,868,870,873,873,873,873,873,874,876,879,883,887,890,894,898,899,899,899,901,903,907,909,908,907,908,910,910,913,913,913,913,916,
748,755,761,768,777,784,790,796,801,808,814,821,828,835,842,850,856,864,870,875,878,883,888,891,893,897,902,906,912,917,918,918,918,918,919,918,918,917,916,912,905,898,892,885,878,871,864,858,852,846,840,834,827,821,818,816,814,807,800,797,794,791,787,783,780,774,770,768,765,755,744,735,726,717,712,711,711,713,720,725,733,742,752,760,769,774,774,774,775,777,779,782,785,788,791,793,795,798,802,808,814,821,830,839,846,851,854,856,859,861,863,866,868,870,870,871,872,873,874,876,880,885,889,893,895,897,898,898,899,898,901,903,904,906,907,908,909,909,909,911,911,911,
749,758,763,770,777,784,792,800,807,810,815,822,828,835,842,848,854,862,868,876,880,887,893,897,899,903,906,910,916,918,919,919,919,919,919,919,918,917,916,910,904,898,891,883,876,869,863,856,849,843,837,833,827,823,819,817,816,810,805,803,802,800,793,790,785,779,776,774,767,756,745,736,727,717,712,712,712,713,719,724,731,739,748,757,764,766,766,766,768,769,771,774,777,779,783,788,792,793,797,804,811,818,826,835,841,848,852,853,855,857,860,862,865,867,868,870,871,872,873,874,877,881,886,891,893,894,897,897,897,896,896,901,903,902,902,903,904,903,904,906,908,910,
747,754,760,766,773,781,788,795,802,809,811,818,825,831,838,844,850,857,863,872,879,887,894,900,905,909,913,916,918,919,919,919,920,920,920,919,919,916,910,905,899,893,887,880,873,867,860,854,847,842,837,834,831,826,822,818,817,816,813,810,810,806,801,796,792,786,782,776,767,758,747,737,729,719,712,712,713,713,719,723,728,736,744,753,757,757,756,758,759,760,762,766,769,772,776,780,791,788,792,799,807,814,822,829,837,842,848,851,852,853,856,860,863,866,867,868,869,870,871,873,875,878,883,888,893,894,894,896,896,896,896,896,898,901,901,901,901,901,901,902,903,905,
747,752,758,764,770,777,784,791,796,802,808,813,821,827,833,840,847,854,861,868,876,883,890,897,905,913,917,919,920,920,920,920,920,920,920,920,919,912,906,900,895,889,883,877,870,864,857,852,847,844,841,838,834,830,826,823,820,818,818,818,817,813,808,804,799,793,785,776,767,759,750,740,730,719,712,712,713,714,720,723,726,732,741,748,750,748,748,750,750,751,754,757,761,765,769,774,777,777,787,795,802,809,816,823,832,837,841,845,848,852,854,857,860,863,866,867,868,869,870,872,873,875,879,885,891,893,893,894,894,894,893,893,895,895,899,900,899,900,900,900,900,902,
752,753,757,762,766,773,780,785,791,797,804,811,816,823,831,837,844,851,859,866,873,880,887,895,903,912,918,920,920,920,920,921,921,921,921,920,920,911,904,897,891,885,879,873,867,862,856,852,850,849,847,844,840,835,832,829,828,825,823,819,819,819,816,811,807,797,787,777,767,759,751,742,731,720,713,712,714,717,720,723,724,729,736,740,741,739,740,741,742,744,746,750,754,758,763,769,775,777,783,790,797,804,811,818,826,833,837,841,845,849,853,856,858,860,863,866,867,868,869,870,872,874,876,881,885,890,891,890,889,888,887,888,890,891,893,898,899,898,898,899,899,899,
758,755,757,760,764,769,776,781,787,794,801,806,814,821,828,834,841,848,856,863,871,878,886,893,901,909,918,921,921,921,921,921,921,922,921,921,920,912,904,896,889,883,877,871,866,861,858,856,856,855,853,850,846,841,838,836,835,834,833,828,824,820,821,818,811,799,789,778,769,758,749,741,732,724,714,712,714,714,720,721,723,726,730,731,730,730,731,733,734,735,739,742,746,751,757,763,770,776,777,785,792,799,805,812,819,828,833,837,841,845,849,853,857,859,861,863,866,867,868,869,870,872,875,878,882,885,887,888,886,885,885,885,885,887,889,892,897,898,897,897,898,898,
764,761,759,761,763,768,773,778,785,791,798,804,811,818,825,832,839,847,855,861,868,877,884,891,899,907,916,922,922,922,922,922,922,922,922,921,920,911,903,896,889,882,877,872,868,863,861,862,862,861,859,856,851,846,844,843,842,842,841,836,829,823,821,820,812,799,789,780,768,760,751,743,736,729,717,713,712,715,716,721,722,723,723,722,722,722,723,724,726,728,731,735,740,745,751,757,765,771,777,779,787,794,800,807,814,822,828,832,836,840,844,849,852,855,859,861,863,865,866,868,869,871,874,876,879,881,883,884,884,883,883,883,884,884,886,889,892,897,897,897,897,897,
772,768,766,765,766,770,773,779,784,791,797,802,809,817,823,830,838,845,852,859,866,874,882,890,897,904,913,922,922,922,922,922,922,923,922,922,921,911,903,896,889,883,877,874,869,865,866,868,869,868,866,862,856,852,851,851,850,849,850,836,831,826,821,815,807,797,788,780,773,761,753,746,740,733,722,716,712,713,714,716,721,721,720,718,717,717,718,717,718,721,724,729,734,739,746,752,758,765,773,777,782,789,795,802,808,815,821,825,829,833,838,843,847,851,855,860,860,861,862,863,866,868,870,871,875,878,880,881,882,882,882,882,882,883,883,885,888,892,896,896,896,896,
781,777,774,773,773,773,775,779,784,790,795,801,808,815,821,828,835,843,850,856,864,872,880,888,895,902,911,919,923,923,923,923,923,923,923,922,919,910,903,895,889,883,878,874,870,869,871,874,876,875,872,866,862,859,858,858,858,858,854,838,832,828,822,816,808,799,792,784,776,765,758,752,745,740,730,722,715,713,713,713,714,714,714,714,714,714,715,715,715,716,718,722,728,734,740,747,754,761,769,777,778,784,790,796,803,809,813,818,822,826,832,836,841,846,850,854,858,859,859,860,862,865,867,869,870,875,877,879,880,880,880,880,881,881,882,882,884,887,892,895,895,895,
789,785,783,782,782,780,778,781,785,789,794,800,807,813,820,826,833,841,849,854,863,870,878,885,893,900,908,916,923,923,923,924,924,924,923,923,917,910,903,897,891,886,881,876,872,873,877,880,882,881,876,871,868,866,866,866,866,865,850,842,836,830,822,819,811,803,796,788,778,770,764,757,752,748,740,731,727,719,714,713,714,713,714,714,715,716,716,717,716,716,716,719,724,729,735,742,749,758,766,775,778,778,784,791,796,802,807,812,816,820,825,830,835,839,845,849,853,855,857,857,858,860,864,866,868,872,874,876,877,878,879,879,879,879,880,881,882,883,886,890,894,894,
797,793,791,791,791,788,784,783,786,790,795,800,806,812,819,824,832,840,847,853,861,868,875,883,890,898,905,913,921,924,924,924,925,925,924,923,917,911,904,898,896,891,885,880,877,878,881,886,889,887,882,877,874,874,874,874,872,867,854,847,840,831,823,822,815,808,800,791,783,776,770,764,759,753,745,738,734,728,729,732,727,722,721,720,720,722,723,722,722,721,717,716,720,724,730,737,744,753,762,770,778,778,778,784,790,795,800,805,809,814,819,823,828,834,839,844,847,850,853,855,856,857,861,864,866,868,871,873,875,876,877,877,878,878,878,879,880,881,883,885,889,893,
804,801,799,799,798,795,791,788,788,791,795,801,807,812,819,825,831,838,845,853,860,867,873,880,888,896,903,911,918,924,924,924,925,925,925,924,919,912,906,904,901,895,889,884,882,883,886,891,895,893,888,884,882,882,881,877,870,864,856,849,840,831,823,823,815,807,800,792,785,778,772,766,760,754,749,747,744,748,747,743,739,733,727,727,729,730,729,729,728,727,723,717,717,720,726,733,741,749,758,767,775,779,779,779,783,789,794,799,803,808,812,817,822,827,832,837,842,845,847,850,852,855,856,859,862,864,867,870,872,874,875,876,876,876,877,877,878,879,880,882,883,886,
811,809,808,806,806,802,798,795,791,793,796,802,806,812,817,825,831,838,845,852,859,866,872,880,887,894,902,910,917,925,925,924,925,926,925,925,921,916,910,910,905,899,893,889,888,888,891,896,901,899,894,890,889,887,881,874,867,860,853,846,839,830,824,822,815,808,800,791,784,777,772,765,760,760,759,755,753,758,762,756,751,747,747,738,738,738,736,736,736,734,729,723,717,718,723,730,737,746,754,763,771,778,779,779,779,782,788,793,797,802,806,812,816,822,826,830,835,839,841,844,847,850,853,856,858,860,863,866,869,870,873,874,874,875,875,875,876,877,878,880,881,882,
818,817,815,813,812,808,805,802,797,795,797,802,806,811,816,823,829,836,843,851,857,864,871,878,884,893,901,908,916,924,926,923,923,926,926,925,924,920,917,915,909,903,897,895,895,895,897,902,906,906,901,898,894,887,879,871,864,856,850,843,836,829,824,820,813,808,801,791,784,780,775,767,765,766,767,763,761,764,772,768,763,759,759,756,751,748,745,743,744,739,734,727,720,717,721,726,734,742,751,759,767,774,779,779,779,779,781,787,792,796,801,806,810,815,819,823,827,832,835,839,841,844,847,851,855,857,860,863,866,868,870,872,873,873,874,874,874,875,876,878,879,880,
821,824,823,821,819,815,812,808,803,800,800,803,807,812,817,823,828,836,843,850,855,862,869,875,883,891,899,907,914,921,926,926,922,924,925,926,925,925,924,920,913,907,902,901,903,903,902,906,913,912,908,903,894,886,877,870,862,855,848,841,834,827,824,818,810,804,797,790,783,781,775,770,772,773,775,772,772,773,781,782,778,775,769,766,764,758,753,751,750,746,739,732,723,718,719,723,730,739,748,756,762,769,777,779,779,779,779,779,785,791,795,800,804,808,812,816,820,825,828,832,836,839,843,846,850,855,857,859,862,865,867,869,871,872,872,872,873,873,874,875,877,878,
821,831,831,829,826,822,819,814,809,806,804,805,808,812,818,823,829,836,843,849,854,862,870,876,883,890,898,906,913,920,927,927,927,925,925,922,924,926,926,923,917,912,909,909,911,911,910,912,918,917,910,902,893,885,877,870,862,855,847,841,833,825,824,816,809,801,795,789,783,781,777,776,777,783,792,790,788,786,787,794,791,786,783,781,773,766,760,758,756,751,744,736,727,719,718,720,726,736,744,752,759,766,772,777,778,779,779,779,779,784,789,792,797,801,805,809,813,817,822,827,831,835,838,842,845,850,854,856,858,861,863,866,868,870,871,871,871,871,872,873,874,875,
822,832,839,837,833,830,825,819,815,812,810,809,811,814,818,823,829,835,841,848,853,861,869,875,883,890,898,905,912,919,926,928,928,928,926,922,922,925,926,926,922,919,917,916,919,919,917,919,921,915,908,900,892,885,877,869,862,854,847,840,833,825,824,817,810,803,795,788,783,780,780,780,784,790,799,802,804,799,795,802,805,803,798,793,782,773,768,765,762,756,749,740,730,719,718,720,724,733,741,748,756,761,766,771,775,777,778,779,779,779,781,784,789,793,797,801,805,810,815,820,826,830,833,838,842,845,849,853,855,857,860,862,865,867,869,869,869,869,870,870,871,872,
822,832,841,844,841,836,830,825,821,818,816,815,814,817,820,824,828,833,839,846,853,859,866,873,880,888,894,902,910,918,926,928,929,928,928,927,924,923,926,926,926,926,924,923,925,927,925,927,923,915,906,898,890,883,876,868,861,854,847,841,833,825,825,819,811,803,795,790,786,784,783,786,789,795,804,814,822,813,810,812,815,815,809,803,792,783,776,772,768,762,751,741,733,724,719,718,721,729,737,743,750,756,760,765,768,770,773,775,777,778,779,779,781,786,790,794,798,803,808,814,820,825,828,833,838,842,844,848,851,854,856,859,862,864,866,867,867,867,868,868,869,870,
829,837,845,851,848,841,835,831,827,824,823,821,818,819,822,826,828,833,838,844,850,856,864,871,878,886,893,901,909,916,924,929,929,929,929,928,927,925,925,927,928,930,930,930,932,934,932,928,921,913,905,898,890,882,874,867,860,853,845,838,832,826,822,816,809,802,798,795,792,790,788,790,795,802,810,822,830,829,823,823,827,825,820,812,801,790,783,779,770,762,753,745,738,727,719,718,720,724,730,738,743,748,751,757,759,761,762,765,768,773,778,778,779,779,782,786,791,796,801,807,813,820,823,827,832,837,841,844,847,850,852,855,858,861,863,864,864,865,865,866,866,868,
833,841,849,857,852,846,841,836,833,831,830,828,825,824,825,827,830,834,837,843,849,855,862,869,877,884,891,898,906,914,922,929,930,930,929,929,928,928,926,928,930,933,936,937,938,937,931,924,917,910,903,896,889,881,873,866,858,851,844,837,830,826,821,813,807,802,802,800,798,796,793,795,801,807,816,826,834,838,833,832,833,831,824,818,807,797,790,783,773,764,756,751,744,735,726,719,719,720,724,730,736,739,743,748,749,751,754,757,760,763,768,773,778,779,779,779,784,789,794,800,807,813,818,822,827,833,837,840,844,848,850,852,854,857,859,860,860,861,863,863,864,865,
837,845,853,861,857,851,847,842,840,839,837,834,832,830,829,829,832,836,839,842,848,855,861,867,874,881,889,897,905,912,919,927,930,930,930,929,929,928,927,928,930,934,938,938,937,933,927,920,912,905,899,893,886,879,872,864,857,850,843,836,829,826,818,812,808,805,803,802,802,798,797,802,806,812,820,828,837,844,842,841,839,834,828,822,811,802,794,788,780,770,764,757,749,740,732,722,719,719,721,724,728,732,734,739,741,743,747,750,752,756,760,765,770,776,779,779,779,781,787,793,799,806,812,817,824,830,833,836,839,843,848,849,851,854,856,856,857,858,859,861,862,863,
838,844,853,858,860,858,853,850,848,846,844,841,839,837,836,835,835,838,840,844,849,854,858,865,873,880,887,895,902,908,916,923,929,931,930,930,929,929,928,929,930,930,931,930,929,926,921,915,908,901,895,890,884,877,870,863,856,850,844,836,827,825,820,816,811,808,807,806,804,802,801,807,813,819,823,831,839,844,845,845,845,840,833,827,818,808,799,792,785,777,771,762,755,747,741,731,721,719,720,721,723,727,730,731,735,738,741,743,746,749,753,755,761,769,773,777,779,779,780,787,792,798,805,811,816,822,827,831,834,838,841,844,847,850,852,853,854,855,856,857,859,861,
834,839,847,853,856,860,859,858,856,854,851,848,846,844,843,842,841,840,843,847,851,856,858,864,871,878,885,891,897,904,911,917,925,931,931,931,930,930,930,930,926,923,922,922,920,918,913,909,903,896,891,885,880,873,867,861,855,849,843,833,827,824,823,819,816,813,811,809,808,806,806,811,817,824,829,834,841,845,845,846,846,842,836,830,824,812,803,797,789,783,776,770,763,756,749,743,733,726,721,720,721,722,725,727,730,732,734,737,738,740,742,746,753,760,766,771,776,779,779,779,786,792,798,804,808,814,819,824,829,832,836,839,843,844,848,851,852,852,853,854,856,858,
827,835,843,847,850,856,860,863,863,861,858,855,853,852,850,849,848,847,848,850,854,858,858,863,869,875,881,887,893,900,906,912,923,931,931,931,931,931,931,930,924,917,914,913,911,909,906,902,897,891,885,880,875,869,863,857,851,845,837,829,827,824,823,821,819,817,815,812,811,811,810,815,821,828,835,840,844,847,849,848,846,846,841,836,830,819,810,803,797,790,783,778,772,762,756,751,744,739,733,724,721,721,721,721,723,725,727,729,730,731,736,740,744,751,757,764,770,775,779,779,780,785,791,797,802,807,811,816,820,825,829,833,834,837,842,843,847,850,851,852,853,855,
825,832,837,840,845,850,854,858,863,866,866,864,861,859,858,856,854,853,854,855,859,859,861,865,870,875,880,884,891,898,904,911,920,932,932,932,931,932,931,929,923,915,909,905,903,901,898,894,890,886,880,875,870,864,858,852,847,842,834,828,825,826,825,823,821,819,817,815,814,812,813,819,825,833,840,844,848,855,857,855,851,847,846,842,837,830,828,816,804,794,787,782,776,768,764,758,751,749,744,738,729,722,721,721,721,721,722,723,724,727,730,735,738,743,749,755,762,768,774,778,779,780,783,789,795,799,803,808,812,816,820,824,828,830,833,837,840,845,847,850,851,852,
