List of all buildings within the model domain
Name, Top-height[m], Bottom-heigth[m], number of vertices, corner points (x[m],y[m])
112878		,10,0,416.1,4,81689.4,230001,81706.9,230008.6,81715.6,229988.6,81698.1,229981
113157,13,0,130.7,4,81468,230078.1,81475,230070.6,81465.6,230061.9,81458.7,230069.5
113158,10,0,25.7,4,81460,230058.3,81464.1,230060.8,81466.8,230056.1,81462.7,230053.7
115409,10,0,281.4,12,80884.4,229790.3,80877.3,229791.3,80878,229796.4,80876.4,229796.6,80877.6,229810,80879.2,229809.8,80879.8,229813.9,80887.1,229813.4,80887.1,229812.2,80891.3,229811.5,80889.2,229791,80884.5,229791.9
115410,13,0,244.9,4,80771.7,229937.1,80770.6,229918.6,80757,229919.7,80758.5,229937.6
115411,10,0,168.5,4,80831,229929.5,80831.4,229948,80840.4,229947.7,80839.9,229928.6
115412,7,0,92.7,4,80823.6,229975.5,80836.5,229976.4,80836.9,229969,80824.3,229968.8
115413,8,0,38.5,13,80742.3,229937.4,80745.1,229935,80749.6,229935.4,80752.2,229939,80751.3,229943.3,80753.4,229941.2,80754.1,229939.3,80754,229936.3,80753.1,229934.5,80749.7,229932.3,80746.7,229932.3,80744.9,229933.2,80742.5,229936.4
115414,14,0,90.3,11,80747,229945.5,80750.4,229944.2,80752.3,229941,80751.1,229936.6,80749.7,229935.4,80747,229934.7,80745.1,229935,80742.8,229936.6,80741.6,229940.1,80742.8,229943.5,80746,229945.4
115415,7,0,87.8,4,80831,229976.4,80819.7,229975.1,80818.9,229982.9,80829.7,229984.2
115416,5,0,116.3,4,80801.7,229969.4,80811.3,229977.9,80817.6,229971.4,80808.4,229962.9
115417,15,0,1580.4,6,80778.5,229960.9,80792.4,229961.6,80808,229959.2,80804.7,229904.5,80790.2,229908.4,80775.6,229907.1
115418,12,0,289.7,5,80720.2,229915.3,80738.9,229911.4,80735.4,229896.6,80717.2,229901.4,80717.2,229908.6
115419,13,0,373.8,4,80771.7,229937.1,80756.7,229937.7,80758.5,229963.1,80773,229962.2
118282,12,0,261.7,5,80822.3,229897.5,80807.6,229897.5,80808.4,229915.3,80822.6,229915.3,80822.8,229897.5
118283,13,0,280.1,5,80831.4,229948,80831,229928.8,80817.1,229929.7,80818.2,229950.3,80831.5,229949.4
118284,11,0,362.2,4,80818.7,230019.4,80828.2,230022,80838.2,229987.7,80827.8,229985.5
118285,8,0,208.4,6,80797.4,229997.2,80810.6,229995.9,80810.8,229992,80814.1,229991.8,80813.9,229983.1,80795.8,229984.4
118286,5,0,167.1,5,80661.6,229123.5,80672.2,229131.6,80677.9,229125.3,80676.2,229117.9,80668.9,229113.6
118287,16,0,320.1,4,80861,229922.1,80883.6,229913.4,80879.7,229901.6,80856.2,229909.2
118288,10,0,51,4,80527.3,229523.1,80517.8,229523.1,80517.9,229528.5,80527.3,229528.5
118290,11,0,289.7,3,80658.6,229264.1,80664.2,229289.5,80683.2,229272.2
118291,13,0,1063.8,8,80815.8,229765.9,80799,229769,80803.1,229800.8,80796.2,229801.8,80797.2,229809.8,80805,229809.5,80807.1,229828.5,80823.1,229826.3
118292,5,0,132.9,10,80671.9,229134.5,80673.5,229133.5,80673.3,229130.4,80672.2,229131.6,80661.6,229123.5,80657.6,229125.5,80656.7,229127.8,80657.7,229130.6,80656.9,229132.8,80661.8,229136.6
118294,5,0,14.5,4,80977.8,229015.8,80974.2,229016.4,80974.9,229020.3,80978.5,229019.7
118295,6,0,381.1,7,80671.9,229134.5,80661.8,229136.6,80657.7,229145.6,80659.4,229155.9,80682.1,229152.1,80680.5,229141.8,80672.8,229135.3
118296,8,0,138.2,4,80789.9,229472.8,80776,229472.8,80776.3,229483,80789.9,229482.7
118297,9,0,143.6,4,80779.8,229898.2,80800,229895.6,80799.3,229888.6,80778.5,229891.4
118298,20,0,69.2,4,80809.4,229897.5,80822.3,229897.5,80822.3,229892.1,80809.1,229892.3
118299,13,0,308.2,8,80871.4,229813.8,80857.6,229815,80860.8,229836.6,80873.9,229834.7,80873.2,229828.9,80874.6,229828.8,80873.7,229817.9,80872.2,229818.1
118300,8,0,1110.3,11,80614.1,229155.1,80613.1,229165.2,80614.8,229176.6,80617.5,229182.1,80621.9,229188.2,80627.2,229192.7,80632.6,229195.8,80640.2,229197.8,80652.5,229197.5,80644.4,229162.4,80637.5,229163.5
118301,6,0,211.8,4,80893,229766.1,80892.2,229772.5,80924.7,229777.2,80925.8,229770.9
118303,20,0,50.9,4,81164.2,229682,81168.4,229684,81173.5,229673.7,81169.5,229671.6
118304,15,0,232.4,4,80763.3,229820.5,80739.7,229822.8,80740.5,229832.3,80764.8,229830.2
118305,12,0,415.1,4,80884.9,229752.6,80835.4,229758.9,80836.7,229767.1,80886,229760.9
120970,11,0,608.7,10,81620,229205.9,81627.7,229213.1,81643,229206.6,81645.9,229208.5,81657.3,229197.3,81651.3,229191.1,81649.6,229192.9,81638.6,229181.8,81624.2,229195.7,81625.1,229201.3
120972,9,0,295.8,5,81683.2,230000.7,81690.1,229976.8,81679.2,229974.1,81672.3,230000.4,81682.5,230003
120974,21,0,349.3,4,81664.1,229943,81682.9,229952.4,81690.9,229938.1,81670.5,229928.6
120985,10,0,253.6,4,81590.4,229204.4,81601.7,229211.5,81612.3,229195.9,81600,229189
120987,11,0,243.3,6,81682.8,229227.5,81709,229214,81706.3,229207.8,81693.7,229213.4,81689.1,229214.1,81678.7,229218.2
121100,8,0,200.3,6,81604.6,229259.8,81611.3,229256.7,81612.4,229253.7,81616,229252,81610.1,229240,81597.7,229246.5
121101,5,0,24.7,4,81685,229994.2,81683.2,230000.7,81686.5,230001.7,81688.7,229995.2
121234,7,0,112.9,11,81673,229997.7,81669.8,229996.8,81673.2,229984.8,81676.2,229985.5,81678.2,229977.9,81668.3,229986.1,81664.7,229990.6,81663.2,229993.9,81663.6,229995.5,81665.8,229997.7,81672.3,230000.4
121235,10,0,139.1,4,81649.8,229930.9,81661.9,229931,81661.9,229919.5,81649.6,229919.6
121236,5,0,40.2,4,81676.2,229985.5,81673.2,229984.8,81669.8,229996.8,81673,229997.7
121237,16,0,227,5,81596.7,229995,81611,229998.4,81611.4,229986.8,81608.7,229979,81597,229982.1
122159,18,0,156.3,4,81583,230007.6,81574.5,230017.2,81583.7,230025.3,81592.1,230015.7
139942,18,0,290.3,6,81584.8,229926.7,81586.5,229928.5,81580.6,229934.4,81589.9,229943.7,81604,229929.6,81592.9,229918.6
139947,6,0,265.2,8,81617.6,229978.9,81633.9,229970.2,81628.7,229960.4,81620.1,229965.4,81615.9,229962.6,81605.8,229968,81608.8,229973.5,81613.3,229971.1
330361,9,0,323.5,4,80657.9,229213.1,80638.5,229216.9,80641.7,229233,80661,229229.2
330362,10,0,89.9,4,80642.8,229240.6,80654.5,229238.2,80652.9,229230.8,80641.3,229233.2
330363,5,0,95.2,4,80657.2,229247.1,80665.5,229245.9,80663.9,229234.7,80655.6,229235.8
330364,10,0,146.6,4,80658.6,229264.1,80666.9,229263.5,80665.5,229245.9,80657.2,229246.6
330365,5,0,41.6,4,80713.4,229388.4,80715.5,229386.5,80714.2,229378.7,80707.1,229384.3
330366,5,0,51.1,9,80775.5,229441.1,80778.1,229440.2,80779.6,229437.1,80778.6,229434.5,80776.2,229433.1,80772.9,229434,80771.5,229436.4,80772.4,229439.7,80774.8,229441.1
